,timestamp,open,high,low,close,volume
0,2019-09-17,49.92,50.29,48.62,49.22,252391
1,2019-09-16,47.61,49.99,47.19,49.67,343659
2,2019-09-13,48.08,48.85,47.59,47.67,249900
3,2019-09-12,48.11,49.14,46.736,48.04,266700
4,2019-09-11,45.63,48.19,45.63,47.87,347400
5,2019-09-10,45.38,46.64,44.975,46.2,231500
6,2019-09-09,46.36,46.8,44.9,45.43,428400
7,2019-09-06,46.5,47.76,45.69,45.79,442900
8,2019-09-05,46.3,47.46,45.07,46.89,285100
9,2019-09-04,45.53,45.58,44.29,45.48,334800
10,2019-09-03,45.68,46.76,44.53,44.82,408500
11,2019-08-30,47.18,47.23,45.804,46.21,195800
12,2019-08-29,46.43,47.45,46.1,46.74,347200
13,2019-08-28,44.5,46.29,43.951,46.09,214300
14,2019-08-27,47.07,47.377,43.607,44.64,791800
15,2019-08-26,46.89,47.43,46.06,46.71,261500
16,2019-08-23,48.24,49.38,46.129,46.63,373400
17,2019-08-22,49.0,49.27,48.2,48.86,321800
18,2019-08-21,49.18,49.89,48.51,48.98,419200
19,2019-08-20,48.49,49.47,48.09,48.52,430100
20,2019-08-19,48.13,48.93,47.62,48.58,352000
21,2019-08-16,46.63,47.99,45.82,47.55,374100
22,2019-08-15,46.3,46.98,45.191,46.1,268800
23,2019-08-14,46.79,47.48,46.0,46.27,392200
24,2019-08-13,48.61,50.44,47.06,47.27,453700
25,2019-08-12,49.75,49.94,48.5321,48.94,381300
26,2019-08-09,48.86,50.26,47.77,50.0,897500
27,2019-08-08,48.22,49.9,48.22,49.05,622800
28,2019-08-07,47.02,48.575,46.22,48.0,520800
29,2019-08-06,46.41,48.21,46.143,47.5,1024600
30,2019-08-05,48.54,48.591,44.55,45.0,1253000
31,2019-08-02,52.06,53.137,48.61,49.89,574800
32,2019-08-01,51.43,53.9,50.81,52.56,612300
33,2019-07-31,50.81,51.7018,49.9,50.69,841300
34,2019-07-30,50.87,51.94,49.55,50.72,838500
35,2019-07-29,52.43,52.4971,50.59,51.32,495400
36,2019-07-26,50.0,52.09,49.76,51.92,1463300
37,2019-07-25,49.13,50.025,48.64,49.66,505400
38,2019-07-24,49.29,49.53,48.54,49.14,505900
39,2019-07-23,49.59,50.18,48.84,49.11,652500
40,2019-07-22,49.16,49.97,48.93,49.39,428700
41,2019-07-19,49.98,50.0,48.58,49.04,344400
42,2019-07-18,49.09,49.9,49.03,49.72,447500
43,2019-07-17,48.56,49.61,48.03,49.24,422000
44,2019-07-16,49.38,49.58,47.93,48.5,438200
45,2019-07-15,49.11,50.09,48.55,49.28,278700
46,2019-07-12,49.0,49.555,48.42,49.11,287400
47,2019-07-11,49.9081,50.25,48.33,49.18,411800
48,2019-07-10,48.5,50.08,48.21,49.83,617200
49,2019-07-09,47.12,48.084,46.8066,48.03,357600
50,2019-07-08,47.24,47.74,46.17,47.31,389700
51,2019-07-05,48.21,48.56,47.35,47.59,369800
52,2019-07-03,47.0,47.9,46.7147,47.9,268400
53,2019-07-02,47.62,47.87,46.11,46.89,388400
54,2019-07-01,47.78,48.0,46.22,47.71,442200
55,2019-06-28,45.58,47.8,45.58,47.1,1961900
56,2019-06-27,44.2,45.535,44.01,45.36,339800
57,2019-06-26,43.94,44.796,43.65,43.92,290200
58,2019-06-25,43.5,44.95,43.0,43.98,480500
59,2019-06-24,45.65,45.8,43.0838,43.35,377800
60,2019-06-21,44.22,46.0,43.145,45.41,884600
61,2019-06-20,47.56,47.9,43.86,44.35,876500
62,2019-06-19,47.98,48.3,46.63,46.95,404000
63,2019-06-18,47.45,48.2,44.71,48.2,1164600
64,2019-06-17,44.0,47.43,43.33,47.07,954400
65,2019-06-14,44.31,44.34,42.86,43.27,351100
66,2019-06-13,43.65,44.5,43.04,44.26,615600
67,2019-06-12,43.64,43.86,42.04,43.53,418200
68,2019-06-11,45.3,45.35,41.49,43.52,709300
69,2019-06-10,43.67,45.24,43.41,44.38,1124000
70,2019-06-07,40.58,44.21,40.58,42.88,1866600
71,2019-06-06,37.45,37.57,36.719,37.25,305900
72,2019-06-05,37.43,38.0,36.91,37.53,269400
73,2019-06-04,36.49,37.42,36.15,37.26,357500
74,2019-06-03,35.49,36.72,35.05,35.99,381100
75,2019-05-31,36.0,36.48,35.29,35.57,306100
76,2019-05-30,36.85,37.24,36.1,36.59,235000
77,2019-05-29,36.43,37.285,35.76,36.86,355000
78,2019-05-28,37.13,37.5,36.09,36.72,346400
79,2019-05-24,37.0,37.469,36.45,37.0,303600
80,2019-05-23,38.34,38.8,36.19,36.81,529400
81,2019-05-22,39.4,39.761,38.4,38.82,308500
82,2019-05-21,38.2,39.55,37.85,39.43,318000
83,2019-05-20,38.3961,38.45,37.52,37.69,276900
84,2019-05-17,38.95,39.38,38.248,38.83,296800
85,2019-05-16,38.79,39.9,38.75,39.44,455400
86,2019-05-15,37.52,38.78,37.14,38.67,278300
87,2019-05-14,38.15,38.695,37.15,37.62,533900
88,2019-05-13,38.7006,39.68,37.12,37.75,620800
89,2019-05-10,39.9,40.79,38.93,40.59,344500
90,2019-05-09,39.17,40.13,38.36,39.99,413300
91,2019-05-08,39.0,40.79,38.89,39.86,400200
92,2019-05-07,42.74,42.74,38.78,39.16,507800
93,2019-05-06,40.19,42.2,39.516,42.09,601100
94,2019-05-03,40.78,41.04,39.94,40.57,448600
95,2019-05-02,38.82,40.355,38.548,40.28,553600
96,2019-05-01,40.18,40.48,38.26,38.82,593300
97,2019-04-30,39.73,43.0,38.5,40.19,1300200
98,2019-04-29,41.33,42.2,39.68,40.28,640200
99,2019-04-26,39.62,41.19,39.346,41.02,703500
100,2019-04-25,38.5743,39.78,38.12,39.56,631500
101,2019-04-24,38.93,39.0,37.83,38.57,370800
102,2019-04-23,37.23,38.86,36.945,38.68,548400
103,2019-04-22,36.28,37.42,35.88,37.25,389800
104,2019-04-18,36.73,36.7597,35.15,36.26,530400
105,2019-04-17,39.11,39.75,35.15,36.43,1586000
106,2019-04-16,38.75,40.94,38.432,39.08,1162500
107,2019-04-15,38.0,38.24,36.64,37.15,341000
108,2019-04-12,37.99,38.3,37.39,37.91,335600
109,2019-04-11,38.83,39.2928,36.75,37.51,547500
110,2019-04-10,37.86,38.84,37.68,38.82,357300
111,2019-04-09,38.66,38.87,37.51,37.68,408300
112,2019-04-08,38.42,39.39,37.37,38.67,456900
113,2019-04-05,38.37,38.51,37.91,38.42,359000
114,2019-04-04,38.16,38.4916,37.209,38.15,413200
115,2019-04-03,38.22,38.352,37.52,38.24,458300
116,2019-04-02,35.43,38.34,35.43,37.9,812000
117,2019-04-01,36.25,36.3525,34.91,35.45,431500
118,2019-03-29,35.45,35.98,34.96,35.72,444900
119,2019-03-28,34.35,35.175,34.1,34.93,290800
120,2019-03-27,34.85,35.13,33.61,34.21,396400
121,2019-03-26,34.73,35.2,34.305,34.83,489500
122,2019-03-25,35.4,35.913,33.55,34.19,761200
123,2019-03-22,37.57,38.0,35.18,35.59,708900
124,2019-03-21,36.64,38.4,36.64,37.86,531200
125,2019-03-20,37.42,37.49,35.92,37.1,495300
126,2019-03-19,38.09,38.3,36.72,37.24,545800
127,2019-03-18,38.8904,39.6,37.41,37.88,700600
128,2019-03-15,38.6191,39.57,38.51,38.64,637000
129,2019-03-14,39.37,39.76,38.0432,38.55,406400
130,2019-03-13,39.71,39.85,38.41,39.43,682600
131,2019-03-12,39.59,39.891,39.08,39.41,460800
132,2019-03-11,37.69,39.105,37.27,39.04,509800
133,2019-03-08,37.61,38.64,36.685,37.7,595300
134,2019-03-07,38.32,39.47,37.02,38.7,554900
135,2019-03-06,40.85,41.115,37.7456,38.39,974300
136,2019-03-05,39.919,41.9,39.25,40.87,1363500
137,2019-03-04,42.03,42.03,38.28,39.92,2229800
138,2019-03-01,35.83,40.05,35.34,39.97,1877000
139,2019-02-28,36.85,37.19,34.83,35.39,665600
140,2019-02-27,36.25,37.63,35.595,36.73,891900
141,2019-02-26,39.53,39.75,36.07,36.2,1377200
142,2019-02-25,34.95,40.0481,34.0,39.65,4110100
143,2019-02-22,31.15,31.96,30.827,31.67,628000
144,2019-02-21,31.88,31.969,30.75,31.18,498000
145,2019-02-20,32.61,32.85,31.5,31.99,408700
146,2019-02-19,31.37,32.91,31.37,32.41,510400
147,2019-02-15,31.1,31.78,30.81,31.52,416600
148,2019-02-14,30.97,31.306,30.529,30.93,277200
149,2019-02-13,31.79,32.15,30.89,31.11,361100
150,2019-02-12,31.2,31.9,31.07,31.64,427800
151,2019-02-11,30.62,31.94,30.04,31.13,522600
152,2019-02-08,30.26,31.06,29.92,30.39,704400
153,2019-02-07,32.38,32.468,29.3386,29.78,928900
154,2019-02-06,32.31,32.68,31.65,32.63,339300
155,2019-02-05,32.69,33.73,32.069,32.44,384900
156,2019-02-04,31.96,32.94,31.52,32.58,515900
157,2019-02-01,32.46,32.95,31.33,31.92,487900
158,2019-01-31,32.19,33.4613,32.12,32.43,494400
159,2019-01-30,31.09,32.54,31.0,32.24,590400
160,2019-01-29,31.3,31.75,30.1,30.97,656300
161,2019-01-28,32.21,32.28,30.33,31.17,1039800
162,2019-01-25,32.44,33.23,31.809,33.2,561400
163,2019-01-24,31.24,32.47,30.515,32.29,590200
164,2019-01-23,32.93,33.01,30.0,31.4,1565100
165,2019-01-22,33.96,34.0,31.22,33.08,2728500
166,2019-01-18,36.04,37.4583,36.04,37.13,670800
167,2019-01-17,35.26,36.51,35.16,35.88,364800
168,2019-01-16,35.43,37.47,35.213,35.4,613600
169,2019-01-15,34.15,35.46,33.76,35.39,545800
170,2019-01-14,34.4,34.83,33.73,34.15,472000
171,2019-01-11,34.39,35.53,34.1,35.15,447300
172,2019-01-10,35.95,36.1,33.71,34.57,1288300
173,2019-01-09,34.46,37.03,34.02,36.73,1427500
174,2019-01-08,35.24,35.35,32.57,34.01,905500
175,2019-01-07,30.95,34.48,30.514,34.22,1251300
176,2019-01-04,29.29,30.93,28.95,30.27,909200
177,2019-01-03,29.52,30.1,27.5,28.02,1033200
178,2019-01-02,27.84,29.888,27.1563,29.87,877500
179,2018-12-31,27.11,29.9411,27.11,28.57,1381900
180,2018-12-28,26.6419,27.27,26.0,26.75,845500
181,2018-12-27,26.14,26.807,24.84,26.41,925300
182,2018-12-26,24.56,26.36,24.56,26.31,1100400
183,2018-12-24,22.36,25.45,22.36,24.42,967400
184,2018-12-21,27.49,27.49,22.22,22.73,2303000
185,2018-12-20,28.56,28.777,26.11,27.42,1078900
186,2018-12-19,29.52,30.99,28.32,28.86,733900
187,2018-12-18,31.77,32.1681,29.13,29.54,855100
188,2018-12-17,32.34,33.75,31.29,31.58,504600
189,2018-12-14,33.15,34.04,32.42,32.69,609200
190,2018-12-13,36.58,37.167,33.385,33.44,522200
191,2018-12-12,36.14,37.62,36.01,36.38,610300
192,2018-12-11,35.93,36.42,35.15,35.71,695600
193,2018-12-10,35.06,36.14,34.12,35.3,909600
194,2018-12-07,35.86,36.427,34.11,35.06,835000
195,2018-12-06,35.55,36.5,34.68,35.92,616500
196,2018-12-04,39.4995,40.29,36.01,36.34,777500
197,2018-12-03,39.95,40.99,39.02,39.84,954500
198,2018-11-30,39.3,39.75,37.84,38.33,710200
199,2018-11-29,37.27,39.2,36.95,38.72,787800
200,2018-11-28,36.6,37.73,34.88,37.62,651900
201,2018-11-27,35.9367,37.86,35.684,36.32,701800
202,2018-11-26,36.72,38.35,36.205,36.48,643500
203,2018-11-23,34.44,36.98,34.068,35.66,383300
204,2018-11-21,33.62,35.16,33.1,35.06,461000
205,2018-11-20,32.251,34.09,32.15,32.73,954800
206,2018-11-19,36.71,37.17,33.4105,34.04,820900
207,2018-11-16,35.64,37.37,35.28,37.16,766000
208,2018-11-15,34.34,36.99,34.22,36.39,835600
209,2018-11-14,37.0,37.44,33.7,34.76,2235700
210,2018-11-13,36.66,38.45,36.28,36.48,1172400
211,2018-11-12,36.01,37.0,35.585,36.17,626400
212,2018-11-09,37.6,38.0,35.04,36.37,539100
213,2018-11-08,38.65,38.92,37.0,37.7,945100
214,2018-11-07,35.61,39.1,35.5,38.85,1039300
215,2018-11-06,36.38,36.95,34.275,35.06,625100
216,2018-11-05,36.8,37.05,35.73,36.32,506900
217,2018-11-02,36.25,37.12,34.361,36.8,854700
218,2018-11-01,32.87,36.288,32.87,35.59,752300
219,2018-10-31,32.54,33.61,32.09,32.77,610500
220,2018-10-30,31.14,32.17,30.27,32.0,567100
221,2018-10-29,33.02,33.621,30.552,31.28,507700
222,2018-10-26,32.23,32.99,30.67,32.42,671300
223,2018-10-25,32.44,33.88,31.1795,33.13,709600
224,2018-10-24,35.0017,36.0,31.6,31.81,858100
225,2018-10-23,34.2,35.945,33.37,35.02,1202800
226,2018-10-22,36.4,36.595,34.322,35.47,747400
227,2018-10-19,37.41,38.35,35.68,36.04,615100
228,2018-10-18,39.66,39.66,36.64,37.2,693800
229,2018-10-17,39.5,39.79,37.91,39.74,690900
230,2018-10-16,35.93,39.92,35.85,39.6,1347100
231,2018-10-15,37.77,38.03,34.691,35.9,1351800
232,2018-10-12,38.0,39.7784,37.14,37.7,1646000
233,2018-10-11,40.77,41.5,36.65,36.95,3000000
234,2018-10-10,37.8,38.14,36.3,36.64,1497900
235,2018-10-09,36.34,37.95,36.09,36.85,853500
236,2018-10-08,38.09,38.7,35.98,36.56,1172000
237,2018-10-05,37.5,40.27,37.06,38.56,886200
238,2018-10-04,38.97,39.37,37.05,37.56,930900
239,2018-10-03,39.94,40.33,38.23,39.0,1335800
240,2018-10-02,42.1,42.99,39.19,39.72,1776600
241,2018-10-01,44.4969,44.6,42.15,42.34,1029500
242,2018-09-28,45.31,46.24,44.1,44.35,921900
243,2018-09-27,45.82,46.93,45.37,46.44,663500
244,2018-09-26,46.6,47.0,45.3786,45.76,656000
245,2018-09-25,45.78,47.38,44.71,46.37,969300
246,2018-09-24,44.52,45.44,44.0,45.28,889300
247,2018-09-21,47.0,47.295,43.68,44.49,5859100
248,2018-09-20,50.08,50.472,47.5,48.99,2193600
249,2018-09-19,52.75,53.971,51.26,51.89,449100
250,2018-09-18,50.84,53.31,50.8,53.18,619900
251,2018-09-17,55.31,56.13,49.81,50.32,961500
252,2018-09-14,54.27,55.67,54.21,55.36,671500
253,2018-09-13,54.05,55.483,53.34,54.15,688200
254,2018-09-12,51.8,54.18,50.61,53.73,486900
255,2018-09-11,49.31,52.16,48.32,51.8,720400
256,2018-09-10,50.66,50.85,47.4972,49.69,1181400
257,2018-09-07,50.0,51.73,49.36,50.14,471000
258,2018-09-06,53.17,53.72,49.58,49.88,662400
259,2018-09-05,55.5,55.5,52.005,53.45,720400
260,2018-09-04,58.5021,59.0,53.6,55.5,1049900
261,2018-08-31,53.63,58.25,53.4964,56.67,1835400
262,2018-08-30,52.16,53.79,51.81,53.46,544600
263,2018-08-29,51.0514,52.91,50.4,52.17,678400
264,2018-08-28,49.19,51.73,48.58,51.15,666300
265,2018-08-27,48.64,50.22,47.9,48.94,498800
266,2018-08-24,48.49,48.98,47.76,48.42,547100
267,2018-08-23,49.15,49.78,47.7189,48.57,459600
268,2018-08-22,51.31,52.1,48.32,48.89,836900
269,2018-08-21,49.11,51.933,48.9373,51.54,601200
270,2018-08-20,49.12,49.772,48.065,48.92,413900
271,2018-08-17,50.13,50.56,47.85,48.67,575700
272,2018-08-16,47.24,50.42,47.24,50.0,955400
273,2018-08-15,47.85,48.59,46.51,47.06,444900
274,2018-08-14,46.92,48.2029,46.5,47.86,482700
275,2018-08-13,47.25,47.66,46.13,47.07,578600
276,2018-08-10,48.09,48.899,46.869,47.11,575400
277,2018-08-09,46.92,51.52,46.66,47.95,1457300
278,2018-08-08,47.65,48.56,46.75,47.1,1076600
279,2018-08-07,48.73,49.3,47.21,48.64,600900
280,2018-08-06,47.71,49.53,46.77,48.43,646100
281,2018-08-03,48.52,49.13,46.79,47.53,614300
282,2018-08-02,47.94,48.925,47.25,48.78,644600
283,2018-08-01,47.74,49.63,47.74,48.43,614200
284,2018-07-31,47.04,49.91,47.04,47.74,745500
285,2018-07-30,47.01,48.46,45.62,47.15,975500
286,2018-07-27,50.0,50.369,45.58,47.01,1231800
287,2018-07-26,50.5,51.32,47.39,49.77,1324000
288,2018-07-25,50.91,53.15,50.0,50.82,1222600
289,2018-07-24,57.16,57.31,50.75,51.81,2858900
290,2018-07-23,57.71,58.36,56.956,57.27,792100
291,2018-07-20,58.25,60.0,57.38,58.35,687200
292,2018-07-19,59.0,59.79,56.25,58.39,1155400
293,2018-07-18,61.8,61.97,58.19,58.53,915100
294,2018-07-17,59.61,62.69,59.0084,62.01,800000
295,2018-07-16,65.6,66.16,58.67,60.06,2832100
296,2018-07-13,65.0,66.26,63.1,65.71,747200
297,2018-07-12,65.0,65.27,63.63,65.05,638400
298,2018-07-11,62.0,65.0,61.8012,64.19,951800
299,2018-07-10,63.4,64.23,61.84,62.21,633800
300,2018-07-09,62.96,63.43,59.6104,63.21,846400
301,2018-07-06,61.62,63.85,61.0,62.88,651700
302,2018-07-05,61.5182,62.44,60.601,61.74,637400
303,2018-07-03,60.07,62.0,58.87,61.26,498000
304,2018-07-02,58.0,60.1,56.32,60.05,822400
305,2018-06-29,59.35,59.9,57.51,58.76,676700
306,2018-06-28,59.72,60.4,54.34,58.79,1734500
307,2018-06-27,64.29,65.4992,59.551,60.08,910800
308,2018-06-26,61.71,64.5,61.04,64.1,720500
309,2018-06-25,62.8,63.53,60.28,61.67,890500
310,2018-06-22,64.8,65.05,62.5,62.78,786400
311,2018-06-21,65.55,66.72,63.03,65.14,982400
312,2018-06-20,62.3,66.27,62.25,65.26,1363900
313,2018-06-19,62.38,62.869,59.25,62.06,1302200
314,2018-06-18,59.42,62.93,59.31,62.63,1788200
315,2018-06-15,59.41,60.75,58.15,59.31,1740500
316,2018-06-14,55.67,59.16,55.5,59.06,1844500
317,2018-06-13,59.34,60.199,53.56,57.0,3399700
318,2018-06-12,60.9,62.749,58.1,59.34,2149000
319,2018-06-11,68.99,70.0,57.2,59.57,8257000
320,2018-06-08,66.3,70.09,66.25,68.15,970100
321,2018-06-07,67.8,68.1511,65.58,67.01,566800
322,2018-06-06,67.22,68.63,66.66,67.84,768200
323,2018-06-05,65.1,68.36,64.55,66.95,1385000
324,2018-06-04,66.01,67.0,61.58,65.97,2172800
325,2018-06-01,70.82,70.995,63.4,67.13,2381100
326,2018-05-31,62.49,69.3041,61.04,68.91,4958200
327,2018-05-30,68.78,73.88,68.69,73.59,2429100
328,2018-05-29,70.0,70.395,67.5,68.91,1003800
329,2018-05-25,70.01,72.6419,66.83,69.94,1690200
330,2018-05-24,69.98,73.9,68.11,69.65,2776200
331,2018-05-23,63.32,69.9,63.0,69.57,1939900
332,2018-05-22,64.995,65.802,62.57,63.76,1154700
333,2018-05-21,64.98,67.84,63.84,64.6,1476500
334,2018-05-18,65.0,66.7,61.5,64.68,3244900
335,2018-05-17,57.69,65.99,57.2,65.4,3806800
336,2018-05-16,58.6714,59.03,56.38,57.65,1232500
337,2018-05-15,56.5,59.913,54.08,57.75,2269400
338,2018-05-14,53.33,57.4,52.0,56.78,2632200
339,2018-05-11,52.0,54.1,51.45,52.73,942800
340,2018-05-10,51.2485,53.45,50.672,52.12,843300
341,2018-05-09,52.0,52.68,50.051,51.5,913200
342,2018-05-08,51.45,52.16,46.51,51.97,1961200
343,2018-05-07,49.56,52.5,49.56,51.72,1270000
344,2018-05-04,47.83,49.45,47.826,49.09,555300
345,2018-05-03,48.3912,48.99,47.57,47.77,785900
346,2018-05-02,47.43,49.23,47.15,48.52,955100
347,2018-05-01,46.97,48.22,46.1,47.41,874000
348,2018-04-30,50.0,50.639,46.55,46.86,1417900
349,2018-04-27,50.0,50.2086,46.9,48.91,1028200
350,2018-04-26,48.78,50.53,47.522,50.07,1384800
351,2018-04-25,47.38,48.549,45.11,47.78,849700
352,2018-04-24,50.0,51.724,46.35,47.27,1290700
353,2018-04-23,54.0,54.45,48.5,49.6,2373000
354,2018-04-20,57.42,58.86,53.7,54.07,1296500
355,2018-04-19,52.88,58.75,52.88,57.42,2133900
356,2018-04-18,52.51,53.48,51.75,53.22,688000
357,2018-04-17,52.03,53.04,50.05,52.73,1030700
358,2018-04-16,53.25,54.48,50.881,51.18,1055200
359,2018-04-13,53.76,53.975,50.26,51.77,843000
360,2018-04-12,50.84,52.86,50.5,52.56,1013800
361,2018-04-11,48.53,54.42,48.53,49.81,1994100
362,2018-04-10,45.72,50.0,45.29,49.27,1337500
363,2018-04-09,45.06,47.0,44.31,44.86,1311600
364,2018-04-06,45.04,49.32,42.55,43.27,2772600
365,2018-04-05,45.1,45.729,41.761,42.67,629200
366,2018-04-04,40.43,44.44,40.25,44.15,705900
367,2018-04-03,43.73,44.54,41.17,42.62,654100
368,2018-04-02,45.45,46.008,41.5516,43.27,855000
369,2018-03-29,45.68,47.03,44.307,45.71,975700
370,2018-03-28,45.0,45.81,40.54,44.86,1602200
371,2018-03-27,52.78,52.78,44.0,44.675,1578300
372,2018-03-26,55.0,55.98,49.51,52.27,1049600
373,2018-03-23,51.56,53.97,50.81,52.96,745700
374,2018-03-22,50.88,53.74,50.518,52.1,800700
375,2018-03-21,53.09,53.4,51.22,52.16,671000
376,2018-03-20,51.15,53.76,50.641,52.56,912100
377,2018-03-19,51.0,52.5,50.03,51.52,834600
378,2018-03-16,53.98,54.85,51.67,51.77,1111300
379,2018-03-15,58.5,58.95,48.521,52.6,2773800
380,2018-03-14,57.1028,58.5,53.26,58.17,1569100
381,2018-03-13,56.71,56.84,53.1,56.51,1455300
382,2018-03-12,58.61,60.516,54.06,56.8,1472300
383,2018-03-09,55.69,61.24,55.65,56.72,2452700
384,2018-03-08,53.07,54.89,52.53,53.7,1059300
385,2018-03-07,48.02,52.95,48.01,51.49,1514000
386,2018-03-06,49.52,50.47,48.27,48.93,614600
387,2018-03-05,50.51,51.6,48.75,49.4,867400
388,2018-03-02,45.0,51.0,43.6,50.02,1113300
389,2018-03-01,48.4,48.6,45.67,46.54,874900
390,2018-02-28,47.16,49.22,47.105,48.46,1031400
391,2018-02-27,48.55,51.0,45.7619,46.29,1563100
392,2018-02-26,43.75,49.723,43.51,48.34,1893200
393,2018-02-23,42.63,43.2,41.28,43.04,634500
394,2018-02-22,42.0012,42.35,40.163,41.92,699200
395,2018-02-21,41.6,43.44,41.091,41.16,1559900
396,2018-02-20,39.9,42.44,39.812,41.61,819600
397,2018-02-16,40.88,42.11,39.485,40.01,610500
398,2018-02-15,41.18,41.46,39.323,40.62,475000
399,2018-02-14,40.51,41.59,38.93,40.21,835800
400,2018-02-13,37.19,40.11,36.556,40.11,613400
401,2018-02-12,37.01,38.0,35.23,37.37,877800
402,2018-02-09,38.68,39.0,32.23,34.88,2072900
403,2018-02-08,42.08,42.78,38.52,38.64,979000
404,2018-02-07,37.76,44.169,37.18,41.67,2032200
405,2018-02-06,34.52,37.3,33.8,36.56,967300
406,2018-02-05,35.8,38.38,35.0,35.63,963000
407,2018-02-02,37.61,37.91,35.3,36.91,748900
408,2018-02-01,39.15,39.88,35.35,38.48,1101300
409,2018-01-31,43.79,43.79,37.73,39.28,1133000
410,2018-01-30,42.56,45.0,40.2088,41.7,1136700
411,2018-01-29,39.45,44.65,39.01,44.39,1021700
412,2018-01-26,41.04,42.9,39.45,39.45,997700
413,2018-01-25,37.72,41.57,37.48,40.45,915900
414,2018-01-24,38.89,39.28,35.8,37.46,807300
415,2018-01-23,36.34,39.19,34.77,38.78,2302500
416,2018-01-22,30.9991,34.18,30.562,33.75,805900
417,2018-01-19,30.12,30.96,28.81,29.73,386200
418,2018-01-18,28.5,30.699,27.501,30.08,575800
419,2018-01-17,26.93,28.85,26.92,28.34,480900
420,2018-01-16,28.24,28.834,26.5,27.18,732200
421,2018-01-12,29.47,30.79,28.24,28.52,896900
422,2018-01-11,25.9,28.97,25.872,28.44,704000
423,2018-01-10,25.46,25.89,25.0,25.77,292400
424,2018-01-09,26.7,26.98,24.83,25.49,642300
425,2018-01-08,23.8,26.65,23.5,26.07,1798500
426,2018-01-05,23.58,28.5004,23.28,26.81,3994900
427,2018-01-04,23.99,25.09,23.55,23.91,708400
428,2018-01-03,24.1,24.242,23.0082,23.52,1065100
429,2018-01-02,24.0,27.39,24.0,25.17,1223100
430,2017-12-29,21.42,25.0,21.42,23.48,848300
431,2017-12-28,21.26,21.75,20.91,21.25,461900
432,2017-12-27,21.3,21.4,20.65,21.09,426600
433,2017-12-26,21.32,21.5,20.651,21.29,390500
434,2017-12-22,19.96,21.28,19.74,21.15,739300
435,2017-12-21,18.9394,19.8,18.925,19.58,357400
436,2017-12-20,19.01,19.22,18.66,19.01,193700
437,2017-12-19,20.0,20.0,19.0561,19.1,212400
438,2017-12-18,19.4,20.0,19.31,19.94,227000
439,2017-12-15,19.0,19.62,18.67,19.17,999300
440,2017-12-14,18.45,19.3098,18.45,19.05,452900
441,2017-12-13,17.89,18.53,17.74,18.3,251600
442,2017-12-12,18.61,18.99,17.3978,17.89,509000
443,2017-12-11,19.32,19.45,17.91,18.41,367300
444,2017-12-08,19.35,19.54,18.65,18.88,272600
445,2017-12-07,18.79,19.385,18.55,19.14,285800
446,2017-12-06,18.44,18.78,17.9,18.53,197600
447,2017-12-05,18.3,18.92,18.3,18.52,154500
448,2017-12-04,19.42,19.71,18.03,18.26,421000
449,2017-12-01,19.05,19.5,18.5,19.12,324200
450,2017-11-30,18.87,19.2,18.72,18.99,271600
451,2017-11-29,19.42,19.44,18.5,18.66,195100
452,2017-11-28,19.76,19.76,18.7,19.21,245100
453,2017-11-27,20.24,20.24,19.193,19.55,275400
454,2017-11-24,20.03,20.38,19.84,20.02,194000
455,2017-11-22,19.249,20.05,19.2,19.81,813700
456,2017-11-21,19.25,19.49,18.96,19.09,331300
457,2017-11-20,18.6,19.35,18.6,19.04,514600
458,2017-11-17,18.4491,18.7,18.111,18.59,270100
459,2017-11-16,17.86,18.865,17.761,18.42,435300
460,2017-11-15,17.3192,17.76,17.27,17.66,126000
461,2017-11-14,17.75,17.9217,16.7,17.46,228600
462,2017-11-13,17.73,18.01,17.428,17.75,236200
463,2017-11-10,16.95,17.56,16.9,17.45,123400
464,2017-11-09,17.94,17.94,16.51,16.95,355900
465,2017-11-08,18.02,18.35,17.53,17.94,182900
466,2017-11-07,18.87,18.87,18.0,18.13,238700
467,2017-11-06,19.22,19.23,18.65,18.91,239500
468,2017-11-03,18.9,19.345,18.85,19.05,258600
469,2017-11-02,18.56,18.74,18.01,18.67,120600
470,2017-11-01,19.4,19.5147,18.4,18.43,171300
471,2017-10-31,19.17,19.39,19.062,19.3,287600
472,2017-10-30,18.96,19.25,18.775,19.01,190100
473,2017-10-27,18.51,19.0,18.37,18.95,164900
474,2017-10-26,19.03,19.09,18.29,18.49,177700
475,2017-10-25,19.2903,19.59,18.3,18.94,232500
476,2017-10-24,19.29,19.67,19.1,19.29,123700
477,2017-10-23,19.24,19.7,19.1,19.4,287400
478,2017-10-20,18.95,19.43,18.79,19.07,240800
479,2017-10-19,17.55,19.17,17.55,18.97,276600
480,2017-10-18,18.449,18.51,17.59,17.79,201800
481,2017-10-17,18.5,19.0,18.09,18.3,174700
482,2017-10-16,18.6,18.87,17.951,18.44,173800
483,2017-10-13,18.7,18.91,17.89,18.42,226000
484,2017-10-12,18.78,19.073,18.5087,18.72,160300
485,2017-10-11,19.35,19.59,18.61,18.8,148400
486,2017-10-10,19.66,19.6617,19.26,19.45,153200
487,2017-10-09,19.4507,19.83,19.35,19.7,194400
488,2017-10-06,19.21,19.53,19.067,19.3,315400
489,2017-10-05,19.05,19.29,18.35,19.19,311500
490,2017-10-04,19.16,19.47,18.61,19.09,418300
491,2017-10-03,18.75,19.23,17.81,19.12,532500
492,2017-10-02,18.09,18.95,17.52,18.39,413300
493,2017-09-29,17.75,18.01,17.3,17.87,132800
494,2017-09-28,16.99,18.0582,16.5,17.51,284000
495,2017-09-27,17.23,17.34,16.16,16.77,317800
496,2017-09-26,18.88,18.98,17.01,17.02,471500
497,2017-09-25,19.0,19.12,18.62,18.95,168900
498,2017-09-22,19.0,19.063,18.41,18.97,156700
499,2017-09-21,18.8,19.29,18.15,19.02,353500
500,2017-09-20,18.89,19.12,18.748,18.92,116900
501,2017-09-19,19.05,19.2,18.53,18.75,116500
502,2017-09-18,19.03,19.274,18.91,19.07,129000
503,2017-09-15,19.0019,19.31,18.75,19.19,99400
504,2017-09-14,18.8793,19.11,18.58,19.1,148300
505,2017-09-13,18.72,19.12,18.55,19.04,57900
506,2017-09-12,19.15,19.3,18.06,18.92,182400
507,2017-09-11,19.09,19.363,18.56,19.15,84800
508,2017-09-08,19.16,19.247,18.2,18.74,128700
509,2017-09-07,18.6796,19.479,18.59,19.1,200000
510,2017-09-06,19.72,19.9494,18.15,18.47,449700
511,2017-09-05,20.49,20.71,19.49,20.2,146800
512,2017-09-01,20.39,20.59,19.69,20.56,127500
513,2017-08-31,20.9,21.322,20.17,20.48,234600
514,2017-08-30,19.91,20.918,19.91,20.66,344000
515,2017-08-29,19.6,19.93,19.25,19.84,101000
516,2017-08-28,19.8,20.37,19.32,19.69,566500
517,2017-08-25,19.35,19.8002,19.09,19.5,130800
518,2017-08-24,18.4,19.619,18.4,19.35,185800
519,2017-08-23,18.57,18.75,18.23,18.41,115600
520,2017-08-22,18.39,18.861,18.25,18.37,129500
521,2017-08-21,18.13,18.96,18.101,18.35,61700
522,2017-08-18,18.37,18.68,18.13,18.34,60000
523,2017-08-17,18.61,19.12,18.0,18.42,155800
524,2017-08-16,19.25,19.78,18.77,18.86,142900
525,2017-08-15,19.8905,20.0,19.09,19.35,126700
526,2017-08-14,19.45,19.9926,19.22,19.68,262900
527,2017-08-11,18.46,19.94,18.16,19.22,577900
528,2017-08-10,17.56,18.48,17.32,17.8,132600
529,2017-08-09,18.5,18.905,17.12,17.57,118700
530,2017-08-08,18.65,18.99,18.4,18.74,146400
531,2017-08-07,18.98,18.9799,18.32,18.5,177300
532,2017-08-04,18.21,18.55,17.791,18.4,174200
533,2017-08-03,16.73,18.035,16.73,17.91,262600
534,2017-08-02,17.02,17.19,16.59,16.75,73500
535,2017-08-01,17.5,17.5,16.5,16.9,76300
536,2017-07-31,17.29,17.613,17.05,17.49,77000
537,2017-07-28,17.7,17.73,17.01,17.29,73600
538,2017-07-27,17.9498,18.37,17.16,17.67,214600
539,2017-07-26,17.5,17.93,17.425,17.74,96300
540,2017-07-25,17.2,17.7401,17.015,17.49,113100
541,2017-07-24,16.6,17.2,16.534,17.09,94100
542,2017-07-21,16.45,16.91,16.3707,16.64,28200
543,2017-07-20,16.78,16.98,16.15,16.53,87500
544,2017-07-19,17.01,17.06,16.51,16.89,71300
545,2017-07-18,17.08,17.09,16.35,17.0,59600
546,2017-07-17,17.0,17.29,16.5,17.1,72100
547,2017-07-14,16.82,16.99,16.41,16.99,155800
548,2017-07-13,17.0,17.252,16.41,17.07,213400
549,2017-07-12,16.58,16.939,16.25,16.71,84300
550,2017-07-11,16.24,16.7,16.13,16.67,71700
551,2017-07-10,15.99,16.2,15.666,16.03,64700
552,2017-07-07,15.68,15.91,15.679,15.88,35500
553,2017-07-06,16.08,16.3,15.65,15.78,31700
554,2017-07-05,15.8,16.47,15.64,16.08,72500
555,2017-07-03,15.97,16.16,15.55,15.81,48700
556,2017-06-30,16.09,16.19,15.667,16.02,49200
557,2017-06-29,17.01,17.1,15.56,16.07,200400
558,2017-06-28,17.31,17.84,16.1,17.11,194800
559,2017-06-27,17.65,17.85,17.11,17.31,163100
560,2017-06-26,16.84,17.278,16.53,17.25,209600
561,2017-06-23,16.28,16.77,15.754,16.44,156000
562,2017-06-22,15.04,16.28,15.01,16.14,209300
563,2017-06-21,14.88,15.149,14.747,15.04,86800
564,2017-06-20,15.0,15.104,14.316,14.88,84300
565,2017-06-19,15.0,15.1304,14.75,14.79,212500
566,2017-06-16,14.43,14.83,14.341,14.81,42700
567,2017-06-15,14.2,14.51,14.18,14.43,64900
568,2017-06-14,14.5699,14.57,14.22,14.25,37600
569,2017-06-13,14.1,14.64,14.02,14.48,61400
570,2017-06-12,14.79,15.143,14.0,14.21,129800
571,2017-06-09,15.13,15.14,14.54,14.6,64800
572,2017-06-08,14.78,15.13,14.65,15.0,80900
573,2017-06-07,14.4,15.0,14.1,14.78,86200
574,2017-06-06,14.17,14.712,14.1,14.31,90400
575,2017-06-05,14.53,14.53,13.67,14.28,92100
576,2017-06-02,14.99,14.9898,14.139,14.24,72000
577,2017-06-01,13.76,14.398,13.54,14.34,113200
578,2017-05-31,14.01,14.2005,13.5,13.62,145700
579,2017-05-30,15.04,15.385,13.9,14.24,231900
580,2017-05-26,15.02,15.535,15.02,15.04,60500
581,2017-05-25,15.7497,15.84,15.14,15.38,52500
582,2017-05-24,15.94,15.94,15.555,15.65,26300
583,2017-05-23,15.99,15.99,15.4,15.75,43400
584,2017-05-22,15.99,15.99,15.325,15.55,59600
585,2017-05-19,15.88,15.98,15.49,15.54,60000
586,2017-05-18,15.47,16.19,15.21,15.77,67900
587,2017-05-17,16.4,16.74,15.51,15.51,179200
588,2017-05-16,17.07,17.1,16.2897,16.52,159200
589,2017-05-15,17.02,17.2,16.842,17.15,188200
590,2017-05-12,17.0,17.0206,16.82,17.0,48400
591,2017-05-11,17.02,17.02,16.1,16.79,56400
592,2017-05-10,17.0,17.02,16.69,17.02,53300
593,2017-05-09,16.98,17.02,16.737,16.95,56400
594,2017-05-08,17.0,17.0,16.25,16.7,62700
595,2017-05-05,17.0,17.05,16.57,16.98,92800
596,2017-05-04,16.3,16.915,15.9,16.7,67700
597,2017-05-03,16.84,16.84,15.51,16.21,112100
598,2017-05-02,17.0,17.08,16.3,16.6,83900
599,2017-05-01,17.0,17.02,16.28,17.02,97900
600,2017-04-28,16.84,17.02,16.42,17.02,49300
601,2017-04-27,17.0,17.02,16.57,17.0,98600
602,2017-04-26,17.02,17.02,16.57,16.67,47800
603,2017-04-25,16.99,17.1,16.6,16.9,66500
604,2017-04-24,17.0,17.015,16.1397,16.58,91100
605,2017-04-21,17.25,17.481,16.82,16.97,102800
606,2017-04-20,17.3605,17.8,17.11,17.29,90300
607,2017-04-19,19.05,19.09,17.05,17.57,242400
608,2017-04-18,19.99,20.3,19.06,19.17,45900
609,2017-04-17,19.47,19.99,19.03,19.87,61600
610,2017-04-13,18.6,19.46,18.6,19.41,37800
611,2017-04-12,19.0004,19.0,18.65,18.9,20500
612,2017-04-11,18.69,19.19,18.56,18.9,31300
613,2017-04-10,19.19,19.5912,18.57,18.86,58600
614,2017-04-07,19.5,19.92,19.0,19.29,25500
615,2017-04-06,19.8,20.1309,19.3,19.47,43400
616,2017-04-05,20.74,21.094,19.335,19.85,62500
617,2017-04-04,21.3,21.58,20.291,20.9,89900
618,2017-04-03,22.0011,22.22,21.11,21.61,90700
619,2017-03-31,20.8,21.93,20.61,21.77,83800
620,2017-03-30,21.27,21.2718,20.2,20.72,53600
621,2017-03-29,21.0,21.0,19.3786,20.77,103300
622,2017-03-28,20.0,20.8,19.0,20.42,163700
623,2017-03-27,18.5,18.84,18.0,18.24,70400
624,2017-03-24,17.9,18.5495,17.87,17.88,48300
625,2017-03-23,18.58,19.7494,17.8,17.81,66000
626,2017-03-22,19.67,20.02,18.164,18.68,56200
627,2017-03-21,21.24,21.45,19.5,19.72,46800
628,2017-03-20,20.85,21.29,20.2,21.24,29000
629,2017-03-17,20.96,21.22,20.25,20.75,40000
630,2017-03-16,21.25,21.525,20.21,20.49,58800
631,2017-03-15,21.5,21.982,20.12,21.0,52000
632,2017-03-14,21.6,22.19,21.17,21.34,53500
633,2017-03-13,22.0,22.636,20.88,21.17,85800
634,2017-03-10,21.62,23.367,21.032,21.15,32100
635,2017-03-09,22.82,23.9,21.02,21.37,194600
636,2017-03-08,21.53,22.87,21.53,22.43,56800
637,2017-03-07,22.04,22.466,20.7,21.34,48600
638,2017-03-06,21.39,22.3402,20.7,21.88,37000
639,2017-03-03,21.69,22.5,21.01,21.14,34800
640,2017-03-02,22.5,23.5,21.0,21.54,80100
641,2017-03-01,23.5,23.5,21.5,22.47,88600
642,2017-02-28,20.16,24.0,19.25,23.73,163800
643,2017-02-27,18.03,19.9503,18.0,19.95,122100
644,2017-02-24,17.69,18.14,17.173,17.9,43200
645,2017-02-23,17.85,18.0,17.02,17.64,51900
646,2017-02-22,17.35,17.7098,16.54,17.71,68600
647,2017-02-21,18.13,18.9,17.1,17.3,103100
648,2017-02-17,19.0,19.99,17.35,18.07,173000
649,2017-02-16,16.18,19.0,15.5,18.49,293100
650,2017-02-15,17.26,17.52,11.63,15.9,724600
651,2017-02-14,16.4607,17.49,16.203,17.26,77700
652,2017-02-13,15.21,16.563,15.0985,16.43,91900
653,2017-02-10,14.78,15.209,14.5,15.01,52000
654,2017-02-09,14.95,15.185,14.643,14.78,132100
655,2017-02-08,15.2494,15.49,14.5,14.9,81400
656,2017-02-07,15.8,15.8,15.22,15.22,52800
657,2017-02-06,15.73,16.47,15.67,15.75,54900
658,2017-02-03,16.04,16.25,15.27,15.65,98100
659,2017-02-02,17.22,17.22,15.58,16.26,105800
660,2017-02-01,17.5,18.37,17.01,17.22,36300
661,2017-01-31,17.5,18.34,17.5,17.75,52500
662,2017-01-30,18.0,18.342,17.7,17.74,64200
663,2017-01-27,18.57,18.921,18.3,18.43,24000
664,2017-01-26,18.41,18.84,18.329,18.58,43700
665,2017-01-25,19.0,19.203,18.199,18.84,31600
666,2017-01-24,18.86,18.952,18.12,18.95,56800
667,2017-01-23,20.0,20.5,17.62,18.54,194400
668,2017-01-20,21.3896,21.678,20.0,20.0,61100
669,2017-01-19,22.23,22.45,21.02,21.03,49800
670,2017-01-18,21.97,22.478,21.5,22.23,39100
671,2017-01-17,21.34,22.06,21.3,21.5,29900
672,2017-01-13,22.6,22.866,21.0,21.14,49800
673,2017-01-12,22.93,22.99,21.879,22.23,43200
674,2017-01-11,23.0,23.0,21.73,22.39,64900
675,2017-01-10,23.2,23.2,22.59,22.99,34300
676,2017-01-09,23.4,23.3988,22.3,22.89,48700
677,2017-01-06,24.36,24.36,21.6,22.54,54900
678,2017-01-05,24.0,24.01,22.26,22.96,57100
679,2017-01-04,24.85,24.999,21.51,23.55,190200
680,2017-01-03,21.0,22.5,20.5,22.5,48900
681,2016-12-30,20.45,20.694,19.95,20.26,21600
682,2016-12-29,21.1,21.1,20.0,20.03,16700
683,2016-12-28,21.5,21.5,20.0,20.0,65800
684,2016-12-27,21.59,21.59,20.6,21.02,36900
685,2016-12-23,20.27,20.9,20.05,20.86,12900
686,2016-12-22,20.76,21.241,20.0,20.12,34700
687,2016-12-21,20.75,21.5,20.07,20.28,77700
688,2016-12-20,20.8708,21.977,20.18,20.18,76200
689,2016-12-19,19.85,21.0,19.699,20.55,58000
690,2016-12-16,20.28,20.28,19.047,19.52,41500
691,2016-12-15,19.2,19.8,18.76,19.18,36400
692,2016-12-14,19.12,19.878,18.63,19.11,62600
693,2016-12-13,20.0,21.13,19.15,19.6,105700
694,2016-12-12,21.01,21.499,20.08,20.36,34400
695,2016-12-09,21.29,21.967,20.1,20.77,37800
696,2016-12-08,20.9,21.54,20.27,21.1,60200
697,2016-12-07,21.8,22.0,20.54,20.89,85000
698,2016-12-06,21.68,22.3816,20.331,22.23,61400
699,2016-12-05,19.1,21.017,19.1,20.94,46100
700,2016-12-02,20.5,21.003,19.0,19.03,70400
701,2016-12-01,21.67,21.7,19.98,19.98,115200
702,2016-11-30,23.0,23.25,21.115,21.82,108800
703,2016-11-29,21.2,23.25,20.56,23.07,62100
704,2016-11-28,21.43,21.98,20.55,20.56,59800
705,2016-11-25,19.96,20.5,19.96,20.4,14100
706,2016-11-23,20.1,20.433,18.064,19.34,72400
707,2016-11-22,21.13,21.49,20.0001,20.07,47100
708,2016-11-21,20.54,21.49,20.531,20.8,84800
709,2016-11-18,21.78,23.3024,20.0,20.5,71000
710,2016-11-17,21.75,23.97,20.9,21.8,185700
711,2016-11-16,18.75,21.61,18.525,21.58,192400
712,2016-11-15,17.74,18.58,17.079,18.15,100800
713,2016-11-14,18.17,18.2,17.1,17.6,74500
714,2016-11-11,18.3272,18.33,17.065,17.5,89300
715,2016-11-10,16.76,18.19,16.5,16.84,37900
716,2016-11-09,15.89,16.9,15.89,16.27,73900
717,2016-11-08,15.2,16.107,15.2,15.89,97800
718,2016-11-07,16.2707,16.27,15.05,15.21,46000
719,2016-11-04,15.5,15.5,15.0,15.2,54900
720,2016-11-03,15.4,15.916,15.02,15.32,143100
721,2016-11-02,18.74,18.741,15.06,15.355,148700
722,2016-11-01,18.68,18.74,17.75,17.95,119900
723,2016-10-31,17.5,18.88,17.07,18.25,256400
724,2016-10-28,16.4,17.0,16.375,16.74,119700
725,2016-10-27,15.47,17.49,14.966,15.82,228600
726,2016-10-26,14.99,14.99,14.38,14.8,117800
727,2016-10-25,14.15,14.5,14.01,14.41,85100
728,2016-10-24,14.05,14.148,13.9,14.01,100700
729,2016-10-21,14.0,14.179,13.75,13.82,113900
730,2016-10-20,14.06,14.23,13.85,13.94,355600
731,2016-10-19,15.0,16.32,14.01,14.09,1884300
