,timestamp,open,high,low,close,volume
0,2019-09-17,18.5,19.35,18.5,19.35,16949
1,2019-09-16,18.76,19.36,18.4,18.4,52835
2,2019-09-13,18.22,18.57,18.18,18.38,35600
3,2019-09-12,18.18,18.3,17.83,18.18,37300
4,2019-09-11,18.06,18.59,17.98,18.27,9300
5,2019-09-10,18.38,18.64,17.94,17.95,25100
6,2019-09-09,18.39,18.48,18.15,18.48,20100
7,2019-09-06,17.97,18.39,17.7,18.09,28400
8,2019-09-05,17.97,18.36,17.82,17.97,21600
9,2019-09-04,17.84,17.93,17.57,17.93,11200
10,2019-09-03,17.9,17.9,17.53,17.75,20400
11,2019-08-30,17.7,17.95,17.61,17.95,13600
12,2019-08-29,17.85,17.94,17.69,17.69,24900
13,2019-08-28,17.4,17.84,17.4,17.82,16700
14,2019-08-27,17.5,17.55,17.06,17.4,38900
15,2019-08-26,17.45,17.59,17.35,17.5,19400
16,2019-08-23,17.84,17.84,17.19,17.24,42700
17,2019-08-22,17.9,18.01,17.55,17.94,22500
18,2019-08-21,17.99,17.99,17.6,17.83,26100
19,2019-08-20,17.5,17.8,17.5,17.75,5300
20,2019-08-19,17.63,17.99,17.46,17.46,29600
21,2019-08-16,17.47,17.9,17.45,17.52,37600
22,2019-08-15,18.04,18.04,17.54,17.54,30800
23,2019-08-14,18.07,18.75,17.65,18.02,26000
24,2019-08-13,18.34,18.63,18.1603,18.25,24700
25,2019-08-12,18.23,18.56,17.813,18.43,30600
26,2019-08-09,18.33,18.84,18.29,18.39,41500
27,2019-08-08,17.4696,18.48,17.21,18.36,86800
28,2019-08-07,17.4,17.584,17.01,17.15,87600
29,2019-08-06,17.25,17.75,17.25,17.41,38300
30,2019-08-05,17.68,17.68,16.7105,17.27,84200
31,2019-08-02,17.82,18.02,17.76,17.84,49100
32,2019-08-01,18.61,18.74,17.85,17.95,80100
33,2019-07-31,18.7,18.75,18.42,18.65,40500
34,2019-07-30,18.54,18.73,18.36,18.7,14600
35,2019-07-29,18.72,18.75,18.41,18.6,52800
36,2019-07-26,19.0,19.0,18.7,18.79,56800
37,2019-07-25,19.75,19.77,19.35,19.45,76900
38,2019-07-24,19.53,19.75,19.53,19.73,44000
39,2019-07-23,19.5,19.7,19.35,19.59,41500
40,2019-07-22,19.53,19.61,19.33,19.41,39300
41,2019-07-19,19.44,19.5,19.25,19.5,43500
42,2019-07-18,19.18,19.44,18.98,19.08,37000
43,2019-07-17,19.5,19.5,19.02,19.23,19200
44,2019-07-16,19.27,19.5,19.17,19.4,38900
45,2019-07-15,19.26,19.26,18.97,19.25,40700
46,2019-07-12,18.95,19.23,18.9,19.2,60500
47,2019-07-11,18.75,18.98,18.45,18.89,34900
48,2019-07-10,18.47,18.95,18.4188,18.75,40500
49,2019-07-09,18.32,18.48,18.1496,18.4,65200
50,2019-07-08,18.31,18.41,17.6,17.81,84100
51,2019-07-05,17.87,18.4,17.8603,18.4,29700
52,2019-07-03,17.87,18.1,17.5847,17.77,54300
53,2019-07-02,18.22,18.22,17.722,17.97,47100
54,2019-07-01,18.45,18.508,18.13,18.13,43300
55,2019-06-28,18.4,18.41,18.31,18.31,14800
56,2019-06-27,18.2,18.465,18.122,18.41,27700
57,2019-06-26,18.2607,18.4,18.03,18.32,20400
58,2019-06-25,18.14,18.3,18.04,18.16,15700
59,2019-06-24,18.35,18.369,18.05,18.27,23100
60,2019-06-21,18.2,18.3208,17.86,18.31,39800
61,2019-06-20,18.35,18.46,18.11,18.11,29100
62,2019-06-19,18.151,18.39,18.0,18.19,16800
63,2019-06-18,18.27,18.39,18.098,18.14,20800
64,2019-06-17,18.32,18.43,18.22,18.22,27800
65,2019-06-14,18.45,18.5,18.06,18.4,34700
66,2019-06-13,18.32,18.48,18.32,18.43,31700
67,2019-06-12,18.47,18.733,18.13,18.28,20600
68,2019-06-11,18.87,18.96,18.45,18.45,21900
69,2019-06-10,18.84,18.99,18.75,18.78,22100
70,2019-06-07,18.83,19.1,18.76,18.99,11400
71,2019-06-06,19.21,19.21,18.58,18.78,28200
72,2019-06-05,18.85,19.25,18.343,19.24,37200
73,2019-06-04,18.03,19.25,17.91,18.8,69700
74,2019-06-03,18.01,18.33,17.85,18.12,19400
75,2019-05-31,17.98,18.31,17.86,18.02,43900
76,2019-05-30,18.36,18.52,17.93,18.22,35300
77,2019-05-29,18.23,18.479,17.0,18.36,46200
78,2019-05-28,18.99,19.0,18.39,18.52,32700
79,2019-05-24,18.74,19.026,18.6,18.97,24100
80,2019-05-23,18.87,19.0,18.515,18.63,29600
81,2019-05-22,18.87,19.07,18.65,19.04,49800
82,2019-05-21,18.86,19.03,18.75,18.87,27200
83,2019-05-20,18.93,19.126,18.9,18.9,26400
84,2019-05-17,19.15,19.45,18.92,19.0,41100
85,2019-05-16,19.0289,19.45,19.01,19.08,42300
86,2019-05-15,19.0,19.099,18.8809,19.04,13900
87,2019-05-14,19.04,19.155,18.891,19.03,86700
88,2019-05-13,19.15,19.25,18.944,19.05,46700
89,2019-05-10,19.04,19.26,18.67,19.14,43500
90,2019-05-09,18.79,18.973,18.534,18.88,32300
91,2019-05-08,18.73,19.27,18.374,18.62,46700
92,2019-05-07,18.4977,18.85,18.27,18.8,31400
93,2019-05-06,18.5,18.874,18.15,18.52,28300
94,2019-05-03,18.55,18.97,18.497,18.55,32700
95,2019-05-02,18.32,18.48,18.0,18.47,62200
96,2019-05-01,18.96,18.96,18.28,18.3,47300
97,2019-04-30,19.06,19.071,18.8,18.92,41500
98,2019-04-29,19.42,19.549,18.978,18.99,45400
99,2019-04-26,19.79,19.79,19.25,19.41,46800
100,2019-04-25,19.76,20.1,19.555,20.0,85000
101,2019-04-24,20.21,20.21,19.6,19.78,65300
102,2019-04-23,19.76,20.248,19.76,20.0,123100
103,2019-04-22,19.26,19.76,19.16,19.7,133200
104,2019-04-18,19.21,19.35,18.7,19.16,84800
105,2019-04-17,19.3,19.432,19.18,19.23,52300
106,2019-04-16,19.26,19.51,19.195,19.29,46900
107,2019-04-15,19.58,19.58,19.167,19.25,27300
108,2019-04-12,19.49,19.61,19.149,19.4,117500
109,2019-04-11,18.94,19.592,18.94,19.01,59700
110,2019-04-10,18.87,19.3,18.87,18.93,50600
111,2019-04-09,19.01,19.11,18.87,18.87,59300
112,2019-04-08,18.72,19.106,18.7109,19.1,88300
113,2019-04-05,18.62,18.85,18.6,18.74,44500
114,2019-04-04,18.7,18.79,18.52,18.65,16400
115,2019-04-03,18.84,18.84,18.54,18.8,35700
116,2019-04-02,18.79,18.85,18.557,18.75,23000
117,2019-04-01,18.32,18.8,18.32,18.75,50500
118,2019-03-29,18.29,18.56,18.2,18.26,36400
119,2019-03-28,18.32,18.4,18.25,18.25,8200
120,2019-03-27,18.45,18.47,18.15,18.33,26000
121,2019-03-26,18.47,18.48,18.2,18.37,22500
122,2019-03-25,18.39,18.4,18.201,18.4,14200
123,2019-03-22,18.51,18.51,18.11,18.4,58700
124,2019-03-21,18.49,18.613,18.1901,18.27,31100
125,2019-03-20,18.35,18.6,18.192,18.51,29200
126,2019-03-19,18.36,18.464,18.2,18.28,49600
127,2019-03-18,18.34,18.51,18.212,18.34,77100
128,2019-03-15,18.2003,18.46,18.15,18.35,24100
129,2019-03-14,18.39,18.58,18.16,18.22,14100
130,2019-03-13,18.22,18.49,18.175,18.38,28400
131,2019-03-12,18.39,18.464,17.92,18.28,32700
132,2019-03-11,18.36,18.54,18.3005,18.3,29400
133,2019-03-08,18.1,18.38,17.9,18.37,39500
134,2019-03-07,17.77,18.09,17.71,18.09,28800
135,2019-03-06,18.14,18.192,17.69,17.77,38900
136,2019-03-05,18.6194,18.698,18.07,18.25,35600
137,2019-03-04,18.52,18.666,18.36,18.52,29200
138,2019-03-01,18.27,18.84,18.11,18.46,50900
139,2019-02-28,18.09,18.29,17.8,18.22,33500
140,2019-02-27,18.94,18.94,17.78,18.1,117100
141,2019-02-26,19.05,19.126,18.58,19.0,73300
142,2019-02-25,18.91,19.27,18.75,19.26,72500
143,2019-02-22,18.58,19.0,18.5798,18.96,54000
144,2019-02-21,18.36,18.68,18.093,18.67,52000
145,2019-02-20,18.232,18.5,18.0,18.32,29500
146,2019-02-19,17.71,18.11,17.614,18.03,38800
147,2019-02-15,17.82,17.82,17.6,17.82,22400
148,2019-02-14,17.4,17.69,17.235,17.68,20100
149,2019-02-13,17.39,17.7,17.21,17.31,60100
150,2019-02-12,17.68,17.85,17.38,17.38,40200
151,2019-02-11,17.0,17.678,16.886,17.6,34800
152,2019-02-08,17.01,17.04,16.893,17.04,22500
153,2019-02-07,16.89,16.98,16.623,16.87,33800
154,2019-02-06,17.18,17.18,16.6,16.78,29700
155,2019-02-05,17.06,17.34,16.91,17.2,35000
156,2019-02-04,17.0,17.03,16.651,17.02,29900
157,2019-02-01,17.26,17.36,17.0,17.05,46700
158,2019-01-31,17.24,17.38,16.99,17.36,62400
159,2019-01-30,16.73,17.22,16.4603,17.14,33300
160,2019-01-29,16.95,16.969,16.56,16.56,31800
161,2019-01-28,16.78,17.05,16.455,16.95,28400
162,2019-01-25,17.3,17.3,16.58,16.81,46600
163,2019-01-24,17.06,17.61,17.027,17.49,95900
164,2019-01-23,17.2,17.266,16.94,17.18,55200
165,2019-01-22,16.96,17.21,16.6699,16.94,49900
166,2019-01-18,16.89,17.22,16.57,17.1,68300
167,2019-01-17,16.02,16.85,15.89,16.84,51000
168,2019-01-16,15.97,16.061,15.69,15.97,24100
169,2019-01-15,15.97,15.97,15.75,15.96,19200
170,2019-01-14,15.91,16.07,15.75,15.94,16400
171,2019-01-11,16.09,16.09,15.71,15.91,14000
172,2019-01-10,16.25,16.25,15.51,16.07,20600
173,2019-01-09,16.45,16.52,15.87,16.36,48500
174,2019-01-08,15.98,16.44,15.952,16.26,23300
175,2019-01-07,15.45,15.98,15.215,15.96,32900
176,2019-01-04,15.23,15.57,14.47,15.35,26200
177,2019-01-03,15.03,15.245,14.949,15.19,46800
178,2019-01-02,14.59,15.36,14.544,15.04,47900
179,2018-12-31,14.91,15.77,14.36,14.64,136600
180,2018-12-28,15.18,15.494,14.761,14.94,68100
181,2018-12-27,14.86,15.31,14.262,15.17,105800
182,2018-12-26,14.31,15.45,14.2,15.01,61800
183,2018-12-24,14.5,14.703,14.108,14.44,42300
184,2018-12-21,14.3,14.82,14.277,14.5,92500
185,2018-12-20,15.02,15.32,14.25,14.34,89900
186,2018-12-19,15.13,15.39,14.85,15.06,61200
187,2018-12-18,15.48,15.48,14.744,15.14,121500
188,2018-12-17,15.96,16.0,15.4496,15.53,75200
189,2018-12-14,16.35,16.35,15.8,16.03,56600
190,2018-12-13,17.04,17.09,16.28,16.36,47400
191,2018-12-12,17.22,17.22,16.814,17.03,19300
192,2018-12-11,16.9,17.219,16.46,17.06,22800
193,2018-12-10,16.57,16.74,16.29,16.63,34600
194,2018-12-07,17.23,17.485,16.4998,16.59,56500
195,2018-12-06,16.56,17.13,16.3043,16.95,64000
196,2018-12-04,16.9991,17.27,16.5,16.92,54100
197,2018-12-03,16.65,17.09,16.533,17.0,44000
198,2018-11-30,16.39,16.58,16.05,16.58,31800
199,2018-11-29,16.46,16.69,16.24,16.38,20200
200,2018-11-28,16.33,16.48,16.08,16.43,41100
201,2018-11-27,16.13,16.36,16.05,16.32,62900
202,2018-11-26,16.081,16.387,15.93,16.13,42400
203,2018-11-23,16.39,16.4,15.97,16.19,29100
204,2018-11-21,15.95,16.395,15.9511,16.37,29400
205,2018-11-20,16.46,16.49,15.286,15.91,142600
206,2018-11-19,17.25,17.43,16.01,16.64,142000
207,2018-11-16,17.43,17.46,17.0,17.3,44900
208,2018-11-15,17.36,17.389,17.13,17.245,24700
209,2018-11-14,17.3,17.9,17.15,17.36,47500
210,2018-11-13,18.31,18.49,16.95,17.17,97100
211,2018-11-12,18.44,18.5105,18.21,18.31,16900
212,2018-11-09,18.3,18.4311,18.05,18.28,45300
213,2018-11-08,18.7,18.85,18.3,18.33,29400
214,2018-11-07,18.78,18.9,18.5,18.77,69700
215,2018-11-06,18.31,18.72,18.276,18.68,40000
216,2018-11-05,18.08,18.27,17.895,18.27,29000
217,2018-11-02,18.1,18.18,17.68,17.81,36100
218,2018-11-01,18.46,18.46,17.6,17.93,50300
219,2018-10-31,18.0,18.435,18.0,18.25,33700
220,2018-10-30,17.5,18.035,17.5,17.8,23500
221,2018-10-29,18.04,18.426,17.45,17.46,58400
222,2018-10-26,18.08,18.214,17.63,18.03,64600
223,2018-10-25,18.66,18.73,18.32,18.48,34700
224,2018-10-24,18.73,18.92,18.1842,18.54,61100
225,2018-10-23,18.86,18.962,18.5,18.66,61400
226,2018-10-22,19.12,19.34,18.86,19.02,44000
227,2018-10-19,19.1,19.3,18.83,19.09,43000
228,2018-10-18,19.25,19.5,19.02,19.08,95200
229,2018-10-17,19.55,19.55,19.25,19.3,35100
230,2018-10-16,19.6,19.78,19.4812,19.49,74900
231,2018-10-15,19.5,19.736,19.5,19.6,109800
232,2018-10-12,19.35,19.48,19.0486,19.29,35300
233,2018-10-11,19.02,19.42,19.02,19.2,37700
234,2018-10-10,19.55,19.57,19.0502,19.07,38300
235,2018-10-09,19.34,19.6,19.34,19.56,31700
236,2018-10-08,19.5,19.5017,19.101,19.34,27000
237,2018-10-05,19.6,19.6,19.37,19.5,25000
238,2018-10-04,19.69,19.69,19.52,19.6,51900
239,2018-10-03,19.71,19.739,19.5618,19.72,49300
240,2018-10-02,19.8,19.84,19.535,19.56,36200
241,2018-10-01,20.4,20.4,19.5,19.81,86000
242,2018-09-28,20.6,20.6,20.15,20.4,96800
243,2018-09-27,20.7,20.876,20.3994,20.65,94200
244,2018-09-26,20.4,21.15,20.131,20.75,139600
245,2018-09-25,19.8,20.5,19.66,20.4,122800
246,2018-09-24,19.3,19.8,19.26,19.55,77300
247,2018-09-21,18.9,19.4,18.75,19.05,185100
248,2018-09-20,18.85,18.9,18.75,18.8,44000
249,2018-09-19,18.6,18.9,18.6,18.85,36500
250,2018-09-18,18.8,18.85,18.45,18.6,45100
251,2018-09-17,18.5982,18.75,18.55,18.6,59700
252,2018-09-14,18.6,18.8,18.45,18.7,50400
253,2018-09-13,18.8,18.8,18.4,18.6,24200
254,2018-09-12,18.861,19.2,18.7,18.85,43100
255,2018-09-11,18.4,18.9,18.4,18.75,34800
256,2018-09-10,18.55,18.5505,18.3,18.4,30200
257,2018-09-07,18.7,18.775,18.55,18.55,12500
258,2018-09-06,18.8,18.925,18.6,18.7,32100
259,2018-09-05,18.65,18.8,18.5,18.75,77000
260,2018-09-04,18.6,18.7,18.45,18.55,24900
261,2018-08-31,18.4,18.65,18.4,18.625,29800
262,2018-08-30,18.45,18.55,18.4,18.5,29900
263,2018-08-29,18.35,18.75,18.35,18.4,21600
264,2018-08-28,18.4,18.45,18.25,18.45,30000
265,2018-08-27,18.15,18.45,18.0,18.4,90300
266,2018-08-24,18.4,18.609,18.2,18.2,62200
267,2018-08-23,18.8,18.8,18.35,18.4,26900
268,2018-08-22,18.85,18.85,18.75,18.8,22400
269,2018-08-21,18.6,18.9,18.6,18.85,25200
270,2018-08-20,18.25,18.4497,18.13,18.45,181600
271,2018-08-17,18.15,18.251,18.092,18.15,44700
272,2018-08-16,18.25,18.45,18.05,18.15,34100
273,2018-08-15,18.6,18.725,18.15,18.25,42100
274,2018-08-14,18.8,18.9,18.55,18.65,91100
275,2018-08-13,18.95,19.0,18.615,18.85,73300
276,2018-08-10,18.65,18.925,18.48,18.85,125200
277,2018-08-09,18.15,18.5,18.0,18.45,169200
278,2018-08-08,18.3,18.45,17.85,18.15,126900
279,2018-08-07,19.15,19.15,18.2,18.2,158000
280,2018-08-06,18.55,18.675,18.35,18.45,105400
281,2018-08-03,18.5,18.6,18.1493,18.45,58700
282,2018-08-02,18.25,18.7,18.25,18.4,77200
283,2018-08-01,18.4,18.45,18.05,18.35,73200
284,2018-07-31,18.4987,18.55,18.3,18.4,45900
285,2018-07-30,18.4,18.59,18.375,18.45,65900
286,2018-07-27,18.9,19.0,18.275,18.45,125000
287,2018-07-26,19.5,19.6,19.35,19.45,97400
288,2018-07-25,19.35,19.45,19.3,19.4,97100
289,2018-07-24,19.4,19.515,19.35,19.35,89200
290,2018-07-23,19.55,19.55,19.3524,19.4,100500
291,2018-07-20,19.55,19.6,19.35,19.4,39700
292,2018-07-19,19.2,19.65,19.131,19.55,84700
293,2018-07-18,19.2,19.35,19.051,19.3,43500
294,2018-07-17,19.1,19.25,19.0,19.2,59200
295,2018-07-16,19.25,19.35,19.05,19.15,41500
296,2018-07-13,19.25,19.5,19.25,19.25,20300
297,2018-07-12,19.4,19.4,19.15,19.25,16900
298,2018-07-11,19.5993,19.6,19.25,19.35,26700
299,2018-07-10,19.5,19.7,19.5,19.6,58400
300,2018-07-09,19.45,19.54,19.3497,19.4,40100
301,2018-07-06,19.55,19.75,19.35,19.5,29800
302,2018-07-05,19.75,19.9,19.65,19.65,12800
303,2018-07-03,20.2,20.25,19.7,19.75,21300
304,2018-07-02,20.65,20.65,20.1,20.1,22400
305,2018-06-29,20.1,20.75,20.05,20.6,36100
306,2018-06-28,19.9,20.212,19.75,20.15,34900
307,2018-06-27,19.25,19.9,19.207,19.9,67300
308,2018-06-26,18.95,19.2,18.751,19.15,30900
309,2018-06-25,18.9,19.05,18.65,18.95,40000
310,2018-06-22,19.1,19.2,18.85,18.95,56000
311,2018-06-21,19.15,19.2,19.0,19.1,17100
312,2018-06-20,19.1,19.25,19.1,19.25,30300
313,2018-06-19,19.2,19.213,19.0,19.1,30600
314,2018-06-18,19.15,19.35,19.06,19.25,42800
315,2018-06-15,19.25,19.35,19.0,19.05,341400
316,2018-06-14,19.05,19.3,19.05,19.2,104500
317,2018-06-13,18.9,19.2,18.9,19.0,117100
318,2018-06-12,19.0,19.2,18.9,19.0,107200
319,2018-06-11,18.8,19.3,18.8,19.0,100500
320,2018-06-08,18.95,19.0,18.65,18.65,107400
321,2018-06-07,18.934,19.35,18.9,19.15,46600
322,2018-06-06,19.0,19.2,18.571,18.75,89400
323,2018-06-05,19.0,19.35,18.738,19.2,91300
324,2018-06-04,19.95,19.95,19.1,19.1,93500
325,2018-06-01,20.45,20.4495,19.601,19.9,40100
326,2018-05-31,20.35,20.45,19.8,20.35,80300
327,2018-05-30,20.35,20.925,20.35,20.45,82300
328,2018-05-29,19.7,20.3,19.5,20.15,80900
329,2018-05-25,19.85,20.2483,19.75,19.85,137000
330,2018-05-24,19.95,20.35,19.95,20.05,114700
331,2018-05-23,19.75,20.3,19.65,20.1,116500
332,2018-05-22,19.5,19.8,19.15,19.8,88400
333,2018-05-21,19.05,19.4,19.05,19.35,67300
334,2018-05-18,19.05,19.05,18.8,18.9,69500
335,2018-05-17,19.2,19.449,18.999,19.1,99700
336,2018-05-16,18.4,19.15,18.4,19.05,124000
337,2018-05-15,18.4502,18.625,18.35,18.5,87800
338,2018-05-14,18.4,18.5,18.2982,18.4,78700
339,2018-05-11,18.2,18.4,18.1,18.35,184000
340,2018-05-10,18.2,18.2504,18.0,18.2,125500
341,2018-05-09,18.1,18.1999,18.05,18.15,102700
342,2018-05-08,17.95,18.1,17.85,18.0,63700
343,2018-05-07,18.15,18.25,17.85,17.85,90600
344,2018-05-04,17.95,18.15,17.8,18.15,93100
345,2018-05-03,17.925,18.0,17.6,18.0,48200
346,2018-05-02,17.65,18.1,17.63,17.95,33400
347,2018-05-01,17.8,17.8,17.4,17.6,50500
348,2018-04-30,17.9,18.1,17.7,18.1,43000
349,2018-04-27,17.7,17.862,17.6,17.8,40400
350,2018-04-26,18.0011,18.2,17.901,18.15,130200
351,2018-04-25,17.95,18.1,17.75,18.0,22500
352,2018-04-24,18.1,18.327,17.8,18.0,121100
353,2018-04-23,18.3,18.7,17.9,17.95,101000
354,2018-04-20,18.2,18.57,18.05,18.3,79600
355,2018-04-19,17.9998,18.2,17.95,18.2,99500
356,2018-04-18,17.65,18.1,17.65,18.0,52400
357,2018-04-17,17.5,17.991,17.425,17.6,105800
358,2018-04-16,17.1,17.5,17.075,17.45,79300
359,2018-04-13,16.916,17.1503,16.7,16.95,92100
360,2018-04-12,16.95,16.95,16.775,16.9,27100
361,2018-04-11,16.85,17.0,16.821,16.85,45000
362,2018-04-10,16.85,17.25,16.6,16.9,114800
363,2018-04-09,16.95,17.0,16.63,16.75,32100
364,2018-04-06,16.95,17.235,16.5515,16.75,27900
365,2018-04-05,16.95,17.25,16.9,17.1,72100
366,2018-04-04,16.65,16.95,16.5,16.9,38500
367,2018-04-03,16.65,16.95,16.4419,16.75,38100
368,2018-04-02,16.262,16.8,16.1,16.8,49600
369,2018-03-29,16.1,16.8,16.0,16.1,30100
370,2018-03-28,15.95,16.35,15.9,16.0,14700
371,2018-03-27,16.15,16.4,15.8694,16.0,32500
372,2018-03-26,16.65,16.6493,16.25,16.3,31800
373,2018-03-23,16.5,16.669,16.383,16.55,33900
374,2018-03-22,16.6,16.8,16.35,16.45,27800
375,2018-03-21,16.55,16.9,16.45,16.75,68100
376,2018-03-20,16.25,16.55,16.05,16.55,64200
377,2018-03-19,16.25,16.2794,15.8,16.15,29600
378,2018-03-16,15.95,16.4,15.94,16.3,32400
379,2018-03-15,16.0004,16.15,15.849,15.9,41600
380,2018-03-14,16.0,16.15,15.8,15.9,72100
381,2018-03-13,16.0005,16.0,15.75,15.9,99500
382,2018-03-12,15.75,16.0,15.65,16.0,73400
383,2018-03-09,15.65,16.0,15.55,15.775,33600
384,2018-03-08,15.525,15.8319,15.35,15.75,57000
385,2018-03-07,15.45,15.5991,15.3,15.35,42500
386,2018-03-06,15.6,15.7,15.35,15.45,50000
387,2018-03-05,15.45,15.675,15.3,15.55,50700
388,2018-03-02,15.65,15.7,15.35,15.6,26500
389,2018-03-01,15.4496,15.6,15.35,15.55,93200
390,2018-02-28,15.5,15.65,15.405,15.65,34300
391,2018-02-27,15.85,15.85,15.5,15.55,39400
392,2018-02-26,15.95,15.979,15.75,15.85,16800
393,2018-02-23,15.85,16.0,15.75,16.0,27900
394,2018-02-22,15.7,15.85,15.5,15.85,17000
395,2018-02-21,15.5989,15.8,15.5,15.6,22600
396,2018-02-20,15.8,15.8,15.55,15.65,13500
397,2018-02-16,15.6,15.8,15.35,15.8,66000
398,2018-02-15,15.7,15.7,15.35,15.6,24200
399,2018-02-14,15.35,15.7,15.35,15.7,43100
400,2018-02-13,15.45,15.65,15.35,15.45,36200
401,2018-02-12,15.4,15.65,15.25,15.55,53000
402,2018-02-09,15.55,15.55,15.2,15.4,82500
403,2018-02-08,15.4,15.45,15.2,15.35,116200
404,2018-02-07,15.75,15.75,15.15,15.35,98800
405,2018-02-06,15.1499,15.8,15.1,15.8,175300
406,2018-02-05,15.45,15.45,15.15,15.3,103500
407,2018-02-02,15.75,15.837,15.45,15.475,123100
408,2018-02-01,15.9,16.0,15.7996,15.9,49300
409,2018-01-31,15.85,16.0,15.8,15.9,31200
410,2018-01-30,15.95,16.05,15.7501,15.9,67200
411,2018-01-29,15.9,16.15,15.8,16.05,90800
412,2018-01-26,15.75,16.05,15.75,16.05,80300
413,2018-01-25,16.35,16.55,16.15,16.3,101400
414,2018-01-24,17.0,17.0,16.25,16.35,147300
415,2018-01-23,16.95,16.95,16.399,16.75,127600
416,2018-01-22,16.4,16.75,16.15,16.75,124800
417,2018-01-19,15.6,16.3512,15.5,16.35,226700
418,2018-01-18,15.6,15.85,15.45,15.75,71100
419,2018-01-17,15.55,15.75,15.4497,15.55,72800
420,2018-01-16,15.85,15.85,15.45,15.65,168200
421,2018-01-12,15.65,15.8,15.55,15.7,38500
422,2018-01-11,15.4,16.0005,15.3,15.65,145600
423,2018-01-10,15.5,15.51,15.2,15.3,66600
424,2018-01-09,15.35,15.55,15.25,15.45,68900
425,2018-01-08,15.4,15.55,15.1,15.4,55100
426,2018-01-05,15.6,15.8002,15.3,15.4,70900
427,2018-01-04,16.1,16.1,15.4,15.75,162100
428,2018-01-03,15.2,16.1001,15.15,16.0,222400
429,2018-01-02,15.1,15.3,15.05,15.25,109700
430,2017-12-29,15.0,15.219,14.65,15.2,154200
431,2017-12-28,15.2,15.253,14.95,15.0,128400
432,2017-12-27,14.9506,15.3,14.95,15.2,119900
433,2017-12-26,14.8,15.1,14.8,15.1,112300
434,2017-12-22,14.85,15.0,14.8,14.9,61700
435,2017-12-21,14.8,15.0,14.65,14.9,69000
436,2017-12-20,14.4,14.75,14.4,14.7,82600
437,2017-12-19,14.6,14.65,14.4,14.45,107000
438,2017-12-18,14.6,14.699,14.5,14.55,78000
439,2017-12-15,14.75,14.75,14.5,14.6,125800
440,2017-12-14,14.7,14.85,14.65,14.75,116000
441,2017-12-13,14.75,14.8,14.45,14.8,117600
442,2017-12-12,14.75,14.9,14.65,14.75,119400
443,2017-12-11,14.75,14.9,14.7,14.75,53300
444,2017-12-08,14.75,14.825,14.7,14.75,77900
445,2017-12-07,14.8,14.9,14.75,14.8,63900
446,2017-12-06,14.65,15.0,14.65,14.75,56100
447,2017-12-05,14.5,14.75,14.5,14.65,69000
448,2017-12-04,14.95,15.0,14.5,14.5,114200
449,2017-12-01,14.8992,15.15,14.9,15.0,95600
450,2017-11-30,14.95,15.1,14.75,14.9,112200
451,2017-11-29,14.95,15.0,14.7,14.8,95500
452,2017-11-28,14.8,15.138,14.75,15.0,64900
453,2017-11-27,15.0,15.019,14.75,14.9,45000
454,2017-11-24,14.95,15.0,14.9004,15.0,12000
455,2017-11-22,15.0,15.05,14.9,14.95,26500
456,2017-11-21,15.0,15.2,14.95,14.95,74300
457,2017-11-20,15.05,15.099,14.9,15.0,69800
458,2017-11-17,15.0,15.125,14.95,15.0,41200
459,2017-11-16,15.0,15.17,14.9,15.05,66200
460,2017-11-15,14.9,15.2,14.7,15.05,61600
461,2017-11-14,15.5,15.5,14.85,14.9,109200
462,2017-11-13,15.5,15.665,15.4495,15.55,60500
463,2017-11-10,15.4,15.6,15.25,15.6,97000
464,2017-11-09,15.3,15.55,15.2,15.25,94800
465,2017-11-08,15.3,15.45,15.05,15.3,90900
466,2017-11-07,15.15,15.475,14.9,15.3,167700
467,2017-11-06,14.8,15.2,14.7,15.0,147200
468,2017-11-03,14.55,14.85,14.5,14.8,73500
469,2017-11-02,14.65,14.8499,14.55,14.65,36800
470,2017-11-01,14.75,14.95,14.7,14.75,104200
471,2017-10-31,14.5,14.95,14.45,14.6,110900
472,2017-10-30,14.5,14.75,14.5,14.55,61300
473,2017-10-27,14.5,14.75,14.4,14.575,51000
474,2017-10-26,14.65,14.7,14.35,14.65,64000
475,2017-10-25,14.45,14.65,14.3,14.45,82500
476,2017-10-24,14.5,14.65,14.5,14.55,44400
477,2017-10-23,14.6,14.6121,14.5,14.5,37100
478,2017-10-20,14.5009,14.65,14.45,14.5,36800
479,2017-10-19,14.6,14.5998,14.35,14.6,91200
480,2017-10-18,14.6,14.8,14.5,14.6,56300
481,2017-10-17,14.6,14.75,14.55,14.7,46100
482,2017-10-16,14.75,14.95,14.6,14.65,76200
483,2017-10-13,14.9,15.0,14.65,14.7,85300
484,2017-10-12,14.9,15.1,14.8,14.8,65000
485,2017-10-11,15.05,15.1497,14.8,14.85,65800
486,2017-10-10,15.05,15.15,14.9,15.05,48100
487,2017-10-09,14.9,15.05,14.7,14.9,52600
488,2017-10-06,15.2,15.319,14.8998,14.9,67400
489,2017-10-05,15.2003,15.45,15.05,15.2,62300
490,2017-10-04,15.25,15.45,15.05,15.15,51400
491,2017-10-03,15.1,15.3,14.9,15.15,80200
492,2017-10-02,15.1,15.238,14.8,15.1,137300
493,2017-09-29,15.0501,15.25,15.0,15.05,30100
494,2017-09-28,15.1492,15.2,15.0,15.05,27200
495,2017-09-27,14.9,15.125,14.85,15.1,95400
496,2017-09-26,15.1,15.125,14.8,14.85,107100
497,2017-09-25,14.8,15.2,14.75,15.1,90800
498,2017-09-22,14.6,14.85,14.6,14.75,37400
499,2017-09-21,15.0,15.0,14.6,14.6,115700
500,2017-09-20,14.85,15.1,14.75,14.9,133600
501,2017-09-19,14.7,14.95,14.5,14.925,118300
502,2017-09-18,14.55,14.7,14.4,14.65,107000
503,2017-09-15,14.55,14.75,14.35,14.65,122200
504,2017-09-14,14.75,14.75,14.5,14.7,92000
505,2017-09-13,14.5,14.7,14.25,14.6,39200
506,2017-09-12,14.5,14.5,14.25,14.4,29500
507,2017-09-11,14.3,14.5,14.25,14.4,60400
508,2017-09-08,14.6,14.6,14.15,14.3,131100
509,2017-09-07,14.35,14.525,14.3,14.5,85300
510,2017-09-06,14.45,14.5,14.15,14.4,136300
511,2017-09-05,14.55,14.7,14.15,14.15,147800
512,2017-09-01,14.5,14.75,14.2,14.55,38400
513,2017-08-31,14.2,14.65,14.15,14.45,44800
514,2017-08-30,14.05,14.3,13.95,14.1,45200
515,2017-08-29,14.15,14.278,13.95,14.05,44000
516,2017-08-28,14.1503,14.3,14.05,14.15,40200
517,2017-08-25,14.3,14.45,14.05,14.15,89300
518,2017-08-24,14.0,14.3,14.0,14.2,29500
519,2017-08-23,14.2,14.35,14.0,14.05,56800
520,2017-08-22,14.0,14.2,13.95,14.0,86800
521,2017-08-21,14.25,14.25,13.9,14.0,77100
522,2017-08-18,14.4,14.45,14.15,14.25,33800
523,2017-08-17,14.4,14.55,13.9,14.3,124200
524,2017-08-16,14.5,14.615,14.45,14.5,29500
525,2017-08-15,14.55,14.55,14.45,14.5,24900
526,2017-08-14,14.7,14.7,14.45,14.55,40500
527,2017-08-11,14.7,14.7,14.3,14.6,51100
528,2017-08-10,14.6,14.711,14.407,14.55,46700
529,2017-08-09,14.75,14.75,14.4,14.55,53200
530,2017-08-08,14.75,14.8498,14.55,14.725,32300
531,2017-08-07,14.6,14.8,14.4,14.65,92700
532,2017-08-04,14.85,14.925,14.6,14.65,81200
533,2017-08-03,14.85,15.05,14.7,14.75,113100
534,2017-08-02,14.8012,14.975,14.55,14.85,69600
535,2017-08-01,14.95,15.05,14.7,14.85,48700
536,2017-07-31,15.05,15.2,14.75,14.95,75200
537,2017-07-28,14.95,15.2,14.9,15.0,134100
538,2017-07-27,14.85,15.05,14.75,14.95,48500
539,2017-07-26,15.4,15.4,14.9984,15.2,94000
540,2017-07-25,15.5,15.5,15.05,15.25,132600
541,2017-07-24,15.0,15.25,14.75,15.15,113000
542,2017-07-21,15.2,15.2,14.75,14.95,95000
543,2017-07-20,15.25,15.5,15.1,15.1,172500
544,2017-07-19,15.1,15.2155,14.95,15.1,18400
545,2017-07-18,15.25,15.25,14.8,15.05,63000
546,2017-07-17,15.4,15.4,15.0,15.1,131300
547,2017-07-14,15.3,15.45,15.15,15.2,150900
548,2017-07-13,15.4,15.418,15.2,15.2,43700
549,2017-07-12,15.3,15.4,15.15,15.35,73300
550,2017-07-11,15.4,15.5,15.1,15.25,97100
551,2017-07-10,15.0,15.922,14.9001,15.4,123300
552,2017-07-07,14.45,15.15,14.45,14.9,75700
553,2017-07-06,14.85,14.95,14.45,14.75,77600
554,2017-07-05,14.85,14.882,14.35,14.45,37500
555,2017-07-03,14.65,15.25,14.514,14.95,21400
556,2017-06-30,14.4,14.75,14.214,14.45,144400
557,2017-06-29,14.75,14.9,14.3,14.35,184100
558,2017-06-28,14.842,14.9,14.7,14.85,23200
559,2017-06-27,14.6,14.8988,14.6,14.8,19600
560,2017-06-26,15.0,15.351,14.4998,14.6,33700
561,2017-06-23,14.6,15.0,14.5,14.8,49600
562,2017-06-22,14.5,14.75,14.5,14.65,33800
563,2017-06-21,14.5,14.649,14.3,14.35,60400
564,2017-06-20,14.9,14.93,14.3,14.4,110100
565,2017-06-19,14.75,15.5,14.75,15.1,64100
566,2017-06-16,15.15,15.15,14.75,14.8,660300
567,2017-06-15,15.05,15.35,15.0,15.3,73200
568,2017-06-14,15.55,15.65,14.85,15.0,116400
569,2017-06-13,15.85,15.85,15.305,15.35,109300
570,2017-06-12,16.05,16.175,15.7,15.7,86800
571,2017-06-09,15.75,16.2,15.75,16.15,63500
572,2017-06-08,15.9,16.0,15.75,15.75,35300
573,2017-06-07,16.0,16.098,15.75,16.0,52300
574,2017-06-06,15.85,16.0,15.8,15.95,44800
575,2017-06-05,16.15,16.1497,15.8,15.9,41500
576,2017-06-02,16.3,16.3,16.15,16.2,17100
577,2017-06-01,16.4,16.4,16.25,16.25,24800
578,2017-05-31,16.45,16.474,16.3011,16.35,25000
579,2017-05-30,16.45,16.499,16.4,16.4,25000
580,2017-05-26,16.35,16.45,16.35,16.4,45500
581,2017-05-25,16.6,16.6,16.4,16.4,77800
582,2017-05-24,16.6,16.625,16.5,16.6,58300
583,2017-05-23,16.65,16.798,16.45,16.45,48600
584,2017-05-22,16.85,16.85,16.45,16.75,60500
585,2017-05-19,16.65,16.762,16.55,16.6,31300
586,2017-05-18,16.4,16.65,16.4,16.55,25100
587,2017-05-17,16.6,16.625,16.45,16.45,39700
588,2017-05-16,16.45,16.85,16.35,16.85,83600
589,2017-05-15,16.65,16.85,16.4,16.4,29200
590,2017-05-12,16.55,16.56,16.4,16.45,30500
591,2017-05-11,17.0,17.1,16.601,16.7,32500
592,2017-05-10,16.55,16.9,16.5,16.9,21200
593,2017-05-09,16.55,16.6,16.287,16.5,23300
594,2017-05-08,16.85,16.85,16.5,16.55,15200
595,2017-05-05,16.45,16.913,16.15,16.75,65600
596,2017-05-04,16.75,16.75,16.35,16.45,44100
597,2017-05-03,16.85,16.85,16.55,16.8,21600
598,2017-05-02,17.15,17.15,16.85,17.0,19300
599,2017-05-01,17.15,17.25,16.8,17.25,13300
600,2017-04-28,17.25,17.25,16.864,17.0,16700
601,2017-04-27,17.2,17.25,16.7902,17.05,22900
602,2017-04-26,17.5,17.745,17.35,17.45,20400
603,2017-04-25,17.85,17.85,17.5,17.5,19300
604,2017-04-24,17.5,17.8,17.3,17.8,71300
605,2017-04-21,17.3,17.6,17.1,17.45,71000
606,2017-04-20,16.55,17.1,16.55,17.1,52900
607,2017-04-19,17.05,17.1,16.55,16.7,30900
608,2017-04-18,17.15,17.35,16.8,16.9,46500
609,2017-04-17,16.75,17.0,16.5,17.0,45800
610,2017-04-13,17.0,17.05,16.15,16.5,45400
611,2017-04-12,16.8,16.95,16.5,16.95,62300
612,2017-04-11,17.4,17.5,16.9,16.95,60800
613,2017-04-10,17.45,17.6,17.2,17.5,28500
614,2017-04-07,17.5,17.55,17.2,17.3,21600
615,2017-04-06,17.25,17.55,17.15,17.5,31800
616,2017-04-05,17.55,17.7,17.15,17.25,35400
617,2017-04-04,17.5,17.6,17.3,17.5,22200
618,2017-04-03,17.35,17.5,17.1,17.4,30200
619,2017-03-31,17.0,17.4998,16.95,17.2,33500
620,2017-03-30,17.3506,17.4,17.0,17.1,23800
621,2017-03-29,16.9993,17.45,16.942,17.4,16300
622,2017-03-28,16.9,17.2,16.65,17.05,27200
623,2017-03-27,17.5,17.532,16.85,17.0,46600
624,2017-03-24,17.3507,17.75,17.3,17.35,41700
625,2017-03-23,17.3,17.75,17.3,17.4,39000
626,2017-03-22,17.3,17.432,17.3,17.35,22600
627,2017-03-21,17.4,17.95,17.3,17.35,38700
628,2017-03-20,17.5,17.6,17.05,17.55,37100
629,2017-03-17,19.0,19.1,17.1,17.5,621100
630,2017-03-16,18.25,19.025,17.6,18.95,149500
631,2017-03-15,17.7,18.6,17.3,18.4,159300
632,2017-03-14,17.6,18.0,17.086,17.6,113300
633,2017-03-13,16.65,18.1,16.4,17.75,261700
634,2017-03-10,16.75,16.75,16.1,16.45,73800
635,2017-03-09,16.0,16.95,15.7,16.55,61500
636,2017-03-08,16.4,16.45,16.1,16.15,50600
637,2017-03-07,16.3,16.381,16.2,16.3,14700
638,2017-03-06,16.5,16.5,16.2,16.3,39500
639,2017-03-03,16.5,16.4993,16.15,16.35,23400
640,2017-03-02,16.4,16.45,16.1,16.45,54100
641,2017-03-01,16.5,16.616,16.25,16.35,29400
642,2017-02-28,16.7,16.7,16.25,16.45,32800
643,2017-02-27,17.0,17.0,16.5,16.7,35000
644,2017-02-24,17.15,17.15,16.5,16.8,40900
645,2017-02-23,17.3,17.426,16.55,17.1,55200
646,2017-02-22,18.1,18.15,17.0,17.25,53600
647,2017-02-21,17.0,18.1,16.9,18.1,90500
648,2017-02-17,16.75,17.75,16.5,16.85,177600
649,2017-02-16,15.85,16.25,15.5,16.1,96200
650,2017-02-15,16.1,16.15,15.55,15.95,61700
651,2017-02-14,16.15,16.2,16.05,16.1,32400
652,2017-02-13,16.6,17.0,16.2,16.2,63100
653,2017-02-10,16.6,16.874,16.55,16.6,39300
654,2017-02-09,16.25,16.725,16.15,16.6,28500
655,2017-02-08,16.35,16.6,16.0,16.3,39200
656,2017-02-07,16.65,16.8,16.1,16.3,56200
657,2017-02-06,16.85,17.0,16.35,16.6,62100
658,2017-02-03,16.95,17.0011,16.25,16.85,68300
659,2017-02-02,17.2,17.55,16.75,16.95,39400
660,2017-02-01,17.25,17.5,16.75,17.3,115000
661,2017-01-31,17.3,17.4,16.95,17.35,40600
662,2017-01-30,17.6502,18.0,16.9,17.25,68300
663,2017-01-27,18.0,18.1,17.65,17.8,29800
664,2017-01-26,18.3,18.65,17.65,18.0,58500
665,2017-01-25,18.55,18.75,18.25,18.6,28400
666,2017-01-24,18.35,18.8,18.35,18.45,27700
667,2017-01-23,18.7,18.7,18.179,18.3,34300
668,2017-01-20,17.95,18.55,17.95,18.45,23800
669,2017-01-19,18.2,18.5,17.8,17.9,33000
670,2017-01-18,18.75,18.75,18.28,18.35,17800
671,2017-01-17,18.2,18.95,18.2,18.7,72200
672,2017-01-13,18.15,18.35,18.0,18.35,33400
673,2017-01-12,17.75,18.15,17.6,18.1,27900
674,2017-01-11,17.45,18.05,17.4,17.7,19100
675,2017-01-10,17.7,18.15,17.45,17.55,53800
676,2017-01-09,18.0,18.025,17.55,17.75,44000
677,2017-01-06,17.9,18.05,17.4,17.9,43800
678,2017-01-05,17.75,18.225,17.63,17.75,21300
679,2017-01-04,17.7,17.95,17.15,17.75,36500
680,2017-01-03,17.85,18.461,17.527,17.55,41500
681,2016-12-30,17.4,18.125,17.3991,17.55,42000
682,2016-12-29,17.9994,18.2,17.45,17.6,43800
683,2016-12-28,18.1,18.5,18.0,18.0,33500
684,2016-12-27,18.05,18.5988,18.05,18.2,51500
685,2016-12-23,18.15,18.599,17.9,18.3,88500
686,2016-12-22,18.9,18.9,18.15,18.2,78900
687,2016-12-21,18.65,19.3,18.35,19.3,56100
688,2016-12-20,18.15,18.8,18.15,18.5,67000
689,2016-12-19,17.45,18.345,17.407,18.0,72900
690,2016-12-16,16.85,17.3508,16.85,17.35,43100
691,2016-12-15,16.8,17.204,16.8,17.0,34400
692,2016-12-14,17.1,17.1,16.8,16.8,18100
693,2016-12-13,17.05,17.35,16.85,17.35,30000
694,2016-12-12,16.8,17.175,16.55,17.0,59300
695,2016-12-09,16.75,16.95,16.495,16.75,16200
696,2016-12-08,16.55,17.2,16.45,16.65,53200
697,2016-12-07,16.5,17.0,16.06,16.8,66900
698,2016-12-06,17.1,17.25,16.55,16.65,52700
699,2016-12-05,16.9003,17.45,16.9,17.2,48900
700,2016-12-02,17.0,17.3,16.75,16.95,35800
701,2016-12-01,16.8,17.25,16.7,16.85,53600
702,2016-11-30,16.6,17.25,16.4,16.65,92800
703,2016-11-29,16.0998,16.7,15.85,16.15,52100
704,2016-11-28,16.45,17.15,16.25,16.35,56100
705,2016-11-25,17.0,17.1,16.6,16.85,25800
706,2016-11-23,16.65,16.95,16.562,16.95,8000
707,2016-11-22,16.85,17.5,16.517,16.65,53000
708,2016-11-21,15.95,16.95,15.95,16.7,70100
709,2016-11-18,15.95,16.225,15.8,15.95,14500
710,2016-11-17,15.95,16.325,15.55,15.95,34100
711,2016-11-16,15.8,16.3,15.35,16.15,78100
712,2016-11-15,15.55,16.425,15.25,15.95,110100
713,2016-11-14,15.25,15.55,15.25,15.4,33500
714,2016-11-11,15.65,15.7,15.172,15.3,39700
715,2016-11-10,15.5,15.7,15.074,15.55,25100
716,2016-11-09,14.6,15.5,14.544,15.35,75900
717,2016-11-08,14.65,15.1,14.45,14.9,54000
718,2016-11-07,14.7,15.15,14.6,14.95,69500
719,2016-11-04,14.45,15.2994,14.45,14.75,45600
720,2016-11-03,15.0,15.225,14.9,14.9,47400
721,2016-11-02,15.0,15.1,14.75,14.9,49500
722,2016-11-01,14.9,15.2,14.9,15.1,71600
723,2016-10-31,15.1,15.65,14.751,14.85,33000
724,2016-10-28,15.25,15.5,15.05,15.2,38200
725,2016-10-27,15.1,15.5,15.1,15.25,17500
726,2016-10-26,15.4,15.8,15.1,15.25,25600
727,2016-10-25,15.4,15.7,15.0,15.65,42100
728,2016-10-24,14.9,15.626,14.9016,15.2,49600
729,2016-10-21,15.8,16.825,14.85,14.9,210600
730,2016-10-20,15.8,16.534,15.8,16.0,35300
731,2016-10-19,16.0,16.75,15.8,16.1,72000
732,2016-10-18,15.8,16.3,15.8,16.0,25200
733,2016-10-17,16.35,16.415,15.622,15.65,48700
734,2016-10-14,16.75,17.18,16.18,16.37,24600
735,2016-10-13,17.33,17.4,16.73,16.79,59300
736,2016-10-12,16.68,17.95,16.68,17.6,119700
737,2016-10-11,16.68,16.86,16.386,16.6,31300
738,2016-10-10,16.56,16.924,16.55,16.7,24100
739,2016-10-07,16.1,16.65,16.06,16.46,41500
740,2016-10-06,15.8,16.44,15.64,16.0,49500
741,2016-10-05,15.64,16.57,15.42,15.78,69000
742,2016-10-04,15.68,16.255,15.481,15.9,53900
743,2016-10-03,15.35,15.85,15.24,15.66,38400
744,2016-09-30,15.54,16.095,15.16,15.41,40600
745,2016-09-29,15.41,16.18,15.35,15.47,29600
746,2016-09-28,15.15,15.71,15.02,15.46,29500
747,2016-09-27,15.46,15.706,15.13,15.15,38900
748,2016-09-26,15.37,15.729,15.03,15.5,19200
749,2016-09-23,15.37,15.703,15.03,15.37,18600
750,2016-09-22,15.39,16.1746,15.26,15.29,30000
751,2016-09-21,15.15,15.68,15.07,15.39,28200
752,2016-09-20,14.92,15.3,14.9194,15.01,13900
753,2016-09-19,14.84,15.273,14.81,14.98,19100
754,2016-09-16,14.71,15.03,14.71,14.72,19700
755,2016-09-15,15.05,15.58,14.74,14.91,32300
756,2016-09-14,14.78,15.01,14.68,14.9,23300
757,2016-09-13,15.02,15.1,14.73,14.73,25600
758,2016-09-12,14.94,15.34,14.8509,15.24,42000
759,2016-09-09,15.2,15.365,15.01,15.01,16800
760,2016-09-08,15.47,15.673,15.04,15.42,67400
761,2016-09-07,15.08,15.47,14.97,15.28,38300
762,2016-09-06,14.88,15.278,14.56,15.06,51600
763,2016-09-02,14.83,15.299,14.7,14.81,14000
764,2016-09-01,14.76,15.13,14.31,14.84,43500
765,2016-08-31,15.19,15.5688,14.56,14.89,31300
766,2016-08-30,15.19,15.711,15.19,15.19,19900
767,2016-08-29,15.2,15.47,15.0708,15.19,25100
768,2016-08-26,15.29,15.7,15.11,15.15,34000
769,2016-08-25,15.7316,15.8,15.26,15.35,17500
770,2016-08-24,16.26,16.421,15.57,15.82,37700
771,2016-08-23,16.2,16.74,16.141,16.36,37600
772,2016-08-22,15.8,16.43,15.74,16.23,41300
773,2016-08-19,15.83,15.95,15.66,15.82,11100
774,2016-08-18,15.66,15.99,15.51,15.91,53400
775,2016-08-17,15.51,15.72,15.252,15.57,24000
776,2016-08-16,15.7083,15.79,15.42,15.5,35700
777,2016-08-15,15.5802,15.96,15.58,15.81,31200
778,2016-08-12,15.89,15.969,15.51,15.55,24200
779,2016-08-11,15.51,15.77,15.3,15.76,34000
780,2016-08-10,15.73,15.79,15.2,15.34,22500
781,2016-08-09,15.88,15.97,15.49,15.82,30000
782,2016-08-08,15.75,15.99,15.655,15.74,30500
783,2016-08-05,15.05,15.79,14.87,15.53,44700
784,2016-08-04,15.06,15.35,14.78,15.05,28000
785,2016-08-03,14.41,15.27,14.305,15.27,35400
786,2016-08-02,14.64,14.67,14.28,14.5,21800
787,2016-08-01,14.72,14.95,14.5,14.54,25600
788,2016-07-29,14.66,14.93,14.42,14.93,30100
789,2016-07-28,14.86,14.95,14.51,14.625,17100
790,2016-07-27,15.1,15.1006,14.97,15.0,25200
791,2016-07-26,14.91,15.19,14.91,15.09,18800
792,2016-07-25,14.71,15.18,14.55,14.91,35400
793,2016-07-22,14.59,15.19,14.525,14.71,34900
794,2016-07-21,14.56,14.658,14.461,14.52,34000
795,2016-07-20,14.2306,14.69,14.13,14.56,30800
796,2016-07-19,14.523,14.523,14.26,14.26,17000
797,2016-07-18,14.25,14.66,14.25,14.43,13300
798,2016-07-15,14.79,14.79,14.27,14.39,42900
799,2016-07-14,14.23,14.95,14.0,14.87,59700
800,2016-07-13,14.51,14.54,14.05,14.19,29300
801,2016-07-12,14.29,14.73,14.19,14.52,37500
802,2016-07-11,14.11,14.41,14.0,14.12,29300
803,2016-07-08,14.1,14.43,13.57,14.13,47600
804,2016-07-07,14.1,14.442,13.732,13.94,17100
805,2016-07-06,13.7,14.1502,13.66,14.04,23600
806,2016-07-05,14.11,14.44,13.55,13.7,18600
807,2016-07-01,14.5,14.657,14.13,14.28,46900
808,2016-06-30,14.5,14.67,14.35,14.42,26300
809,2016-06-29,14.6611,15.0,14.35,14.59,26500
810,2016-06-28,14.3,14.94,14.3,14.71,22300
811,2016-06-27,14.84,14.84,14.024,14.05,49100
812,2016-06-24,14.75,15.825,14.75,15.14,56500
813,2016-06-23,14.72,15.14,14.72,14.91,33100
814,2016-06-22,15.1,15.14,14.55,14.59,19500
815,2016-06-21,15.0,15.07,14.7,15.06,26800
816,2016-06-20,14.49,15.39,14.49,14.92,48500
817,2016-06-17,14.26,14.55,14.26,14.36,50800
818,2016-06-16,14.21,14.35,14.08,14.1,21400
819,2016-06-15,14.22,14.4,14.1,14.25,52700
820,2016-06-14,14.02,14.4,14.02,14.32,46900
821,2016-06-13,14.039,14.44,14.0,14.18,60000
822,2016-06-10,14.37,14.6,14.0,14.1,37900
823,2016-06-09,14.23,14.4993,14.021,14.43,14900
824,2016-06-08,14.26,14.8836,14.26,14.43,58500
825,2016-06-07,13.96,14.25,13.68,14.1,20100
826,2016-06-06,13.622,14.1701,13.588,13.96,45200
827,2016-06-03,13.2305,13.73,13.23,13.5,49600
828,2016-06-02,12.81,13.38,12.67,13.3,39600
829,2016-06-01,12.95,13.18,12.8,12.87,17000
830,2016-05-31,13.18,13.45,12.73,12.99,67900
831,2016-05-27,13.1,13.5,12.63,12.8,21600
832,2016-05-26,12.82,13.36,12.638,13.255,39800
833,2016-05-25,12.4,13.09,12.4,12.79,41000
834,2016-05-24,12.31,12.57,12.2,12.43,56600
835,2016-05-23,12.35,12.6,12.02,12.28,135200
836,2016-05-20,12.66,12.87,12.37,12.42,48300
837,2016-05-19,12.51,12.87,12.31,12.38,75100
838,2016-05-18,13.05,13.18,12.54,12.6,44500
839,2016-05-17,13.15,13.5,12.89,12.89,63400
840,2016-05-16,13.0,13.42,12.9,13.1,74200
841,2016-05-13,13.23,13.41,12.82,12.85,47400
842,2016-05-12,13.41,13.5,12.93,13.19,25500
843,2016-05-11,12.4,13.5,12.3696,13.2,37200
844,2016-05-10,13.18,13.44,12.62,12.8,42000
845,2016-05-09,13.2886,13.545,12.95,13.19,15900
846,2016-05-06,12.18,13.43,12.18,13.25,56600
847,2016-05-05,12.76,13.39,12.39,12.61,36200
848,2016-05-04,12.26,12.775,12.06,12.44,77700
849,2016-05-03,12.86,13.96,12.18,12.21,93900
850,2016-05-02,14.05,14.05,12.91,13.09,167100
851,2016-04-29,14.3,14.3,13.83,14.21,16300
852,2016-04-28,13.77,14.313,13.77,14.15,35300
853,2016-04-27,14.09,14.09,13.75,14.06,31100
854,2016-04-26,13.75,14.02,13.69,13.9,29300
855,2016-04-25,13.73,13.75,13.16,13.72,41600
856,2016-04-22,13.83,14.0,13.1,13.75,45500
857,2016-04-21,13.89,14.01,13.5198,13.85,59100
858,2016-04-20,13.27,14.09,13.27,13.85,53700
859,2016-04-19,13.03,13.63,13.001,13.25,54400
860,2016-04-18,12.7,13.5,12.32,13.05,40900
861,2016-04-15,13.0,13.28,12.826,13.1,40100
862,2016-04-14,12.75,13.1,12.52,13.01,32500
863,2016-04-13,12.91,13.5,12.67,12.85,65800
864,2016-04-12,12.56,13.72,12.56,13.07,52800
865,2016-04-11,11.75,12.82,11.75,12.75,77400
866,2016-04-08,11.41,11.68,11.346,11.67,29500
867,2016-04-07,11.18,11.57,11.07,11.17,54000
868,2016-04-06,11.27,11.42,10.88,11.24,25700
869,2016-04-05,10.8,11.39,10.71,11.3,38400
870,2016-04-04,10.91,11.37,10.77,10.96,48700
871,2016-04-01,11.23,11.69,10.775,11.0,35300
872,2016-03-31,11.7202,11.98,11.12,11.39,11100
873,2016-03-30,11.45,11.99,11.45,11.63,44100
874,2016-03-29,11.205,11.5,11.205,11.46,21000
875,2016-03-28,11.08,11.44,11.031,11.31,33700
876,2016-03-24,11.0,11.2,10.57,11.19,46700
877,2016-03-23,11.21,11.39,11.05,11.05,13600
878,2016-03-22,11.2597,11.36,11.06,11.33,20900
879,2016-03-21,10.87,11.63,10.87,11.43,52500
880,2016-03-18,11.5,11.695,10.58,10.7,87700
881,2016-03-17,11.12,11.5,11.12,11.49,65500
882,2016-03-16,10.71,11.19,10.671,11.0,93700
883,2016-03-15,11.05,11.05,10.5508,10.67,58100
884,2016-03-14,11.13,11.19,10.88,11.08,32500
885,2016-03-11,10.87,11.17,10.8,10.93,74000
886,2016-03-10,11.08,11.08,10.48,10.8,58300
887,2016-03-09,10.97,11.2,10.71,11.2,22000
888,2016-03-08,11.64,11.64,10.62,10.87,73700
889,2016-03-07,10.76,11.849,10.75,11.61,49600
890,2016-03-04,10.2,10.75,10.14,10.66,61900
891,2016-03-03,10.085,10.19,9.94,10.19,33700
892,2016-03-02,9.79,10.01,9.583,10.0,26100
893,2016-03-01,9.48,9.77,9.43,9.77,60400
894,2016-02-29,9.7,9.99,9.48,9.49,27300
895,2016-02-26,9.802,9.92,9.44,9.6,31500
896,2016-02-25,9.59,9.93,9.36,9.79,104300
897,2016-02-24,9.64,9.65,9.45,9.56,38600
898,2016-02-23,9.97,10.005,9.43,9.83,66300
899,2016-02-22,10.16,10.318,9.8997,9.96,46100
900,2016-02-19,10.055,10.08,9.7,10.08,24800
901,2016-02-18,10.1,10.19,9.9,10.15,28500
902,2016-02-17,10.03,10.398,9.85,10.0,156900
903,2016-02-16,9.97,10.18,9.75,10.04,34300
904,2016-02-12,9.85,10.2,9.782,9.93,37600
905,2016-02-11,9.8497,10.288,9.6,9.785,60600
906,2016-02-10,9.891,9.891,9.56,9.74,30900
907,2016-02-09,10.2,10.252,9.62,9.67,48600
908,2016-02-08,10.01,10.46,10.0,10.35,60800
909,2016-02-05,10.33,10.417,10.04,10.04,27600
910,2016-02-04,10.5,10.62,10.27,10.47,32300
911,2016-02-03,10.38,10.5,10.04,10.3,32600
912,2016-02-02,10.06,10.56,9.99,10.2,36800
913,2016-02-01,10.69,10.69,10.05,10.26,43800
914,2016-01-29,10.21,10.79,9.76,10.72,64800
915,2016-01-28,9.9,10.59,9.77,10.11,32900
916,2016-01-27,10.05,10.19,9.7595,9.76,22600
917,2016-01-26,9.57,10.37,9.4097,10.04,25800
918,2016-01-25,10.09,10.4,9.3503,9.43,48300
919,2016-01-22,10.273,10.8,10.05,10.13,49700
920,2016-01-21,8.99,10.0405,8.99,9.93,41600
921,2016-01-20,8.9,9.1391,8.64,9.1,55700
922,2016-01-19,9.27,9.666,8.57,9.02,111300
923,2016-01-15,9.32,9.403,9.01,9.27,32100
924,2016-01-14,9.17,9.5,9.013,9.17,38400
925,2016-01-13,9.34,10.241,9.04,9.2,49100
926,2016-01-12,9.59,9.86,9.111,9.3,58100
927,2016-01-11,9.74,10.1597,9.25,9.45,38100
928,2016-01-08,9.74,9.99,9.44,9.7,20600
929,2016-01-07,9.89,10.11,9.5,9.66,64100
930,2016-01-06,10.02,10.02,9.83,9.865,33800
931,2016-01-05,9.84,10.21,9.366,10.07,30400
932,2016-01-04,9.92,10.47,9.49,9.85,136100
933,2015-12-31,9.29,10.03,9.21,9.89,234400
934,2015-12-30,9.5,9.698,9.29,9.4,177500
935,2015-12-29,10.02,10.085,9.6305,9.64,88600
936,2015-12-28,9.95,10.1,9.55,9.85,87600
937,2015-12-24,10.24,10.33,10.01,10.1,18500
938,2015-12-23,10.2,10.57,10.08,10.29,142900
939,2015-12-22,9.89,10.45,9.56,10.05,72700
940,2015-12-21,9.79,10.49,9.386,9.89,104400
941,2015-12-18,9.09,9.48,8.77,9.44,1051100
942,2015-12-17,9.65,9.71,9.01,9.34,206200
943,2015-12-16,10.12,10.43,9.66,9.69,67100
944,2015-12-15,10.25,10.25,9.66,9.9,229900
945,2015-12-14,10.46,10.51,9.81,9.88,136500
946,2015-12-11,11.22,11.22,10.56,10.61,147700
947,2015-12-10,11.82,12.0,11.26,11.29,107500
948,2015-12-09,12.12,12.2492,11.655,11.71,151300
949,2015-12-08,12.46,12.68,11.56,11.9,161600
950,2015-12-07,12.75,12.85,12.36,12.46,62200
951,2015-12-04,12.83,12.87,12.5006,12.75,44800
952,2015-12-03,12.7,13.27,12.7,12.86,39400
953,2015-12-02,13.35,13.35,12.7,12.71,50600
954,2015-12-01,13.1,13.2,12.76,13.19,167900
955,2015-11-30,13.74,13.74,13.05,13.27,52300
956,2015-11-27,13.48,13.48,13.36,13.36,3500
957,2015-11-25,13.43,13.715,13.1601,13.51,55700
958,2015-11-24,13.46,13.847,13.2,13.55,47700
959,2015-11-23,13.26,13.575,13.03,13.42,57400
960,2015-11-20,13.6,13.8,13.1796,13.19,27100
961,2015-11-19,13.64,13.74,13.315,13.54,34700
962,2015-11-18,13.65,14.13,13.12,13.71,111100
963,2015-11-17,13.96,14.6,13.5,13.73,160700
964,2015-11-16,13.8,14.295,13.54,13.85,58900
965,2015-11-13,13.9496,14.17,13.8,13.85,42300
966,2015-11-12,14.18,14.21,13.9499,13.95,31100
967,2015-11-11,14.12,14.49,13.9,14.48,33500
968,2015-11-10,14.5,14.8,14.2,14.2,24600
969,2015-11-09,14.57,15.28,14.5,14.5,28500
970,2015-11-06,16.07,16.07,14.428,14.57,33300
971,2015-11-05,14.49,15.3,14.1,15.25,70900
972,2015-11-04,14.56,14.685,14.09,14.47,50600
973,2015-11-03,14.63,15.087,14.55,14.61,38700
974,2015-11-02,14.45,15.32,14.3701,14.61,27000
975,2015-10-30,14.3,14.695,14.2,14.45,46800
976,2015-10-29,14.36,14.78,14.21,14.41,10500
977,2015-10-28,14.13,15.15,13.94,14.25,49700
978,2015-10-27,14.0,14.5002,13.9,14.09,43000
979,2015-10-26,14.33,14.66,14.07,14.07,31900
980,2015-10-23,14.35,14.93,14.25,14.32,53400
981,2015-10-22,14.52,15.35,14.25,14.37,43800
982,2015-10-21,14.75,14.888,14.41,14.6,26000
983,2015-10-20,14.67,15.585,14.59,14.65,66800
984,2015-10-19,15.15,15.59,14.25,14.75,97200
985,2015-10-16,15.25,15.53,14.91,15.33,39400
986,2015-10-15,15.06,15.19,14.56,15.05,41900
987,2015-10-14,15.22,15.45,15.0088,15.06,14800
988,2015-10-13,15.5,15.86,15.22,15.32,24300
989,2015-10-12,16.28,16.34,15.315,15.5,32200
990,2015-10-09,16.62,16.75,16.16,16.56,14300
991,2015-10-08,16.04,16.7399,15.669,16.48,63000
992,2015-10-07,16.0,16.43,15.94,16.1,21100
993,2015-10-06,15.4705,16.02,15.26,15.932,40000
994,2015-10-05,15.28,15.55,15.173,15.32,25500
995,2015-10-02,15.23,15.34,14.595,15.03,36900
996,2015-10-01,14.19,15.72,14.19,14.88,45700
997,2015-09-30,14.76,15.79,14.43,14.46,90400
998,2015-09-29,15.49,15.49,14.69,14.7,39000
999,2015-09-28,15.24,16.005,15.0,15.48,48300
1000,2015-09-25,15.41,15.44,15.05,15.16,37400
1001,2015-09-24,15.38,15.82,15.19,15.38,28400
1002,2015-09-23,16.24,16.24,15.3601,15.38,54700
1003,2015-09-22,16.64,16.85,16.15,16.27,52100
1004,2015-09-21,17.65,17.69,16.75,16.93,85400
1005,2015-09-18,17.81,18.93,17.04,17.58,286600
1006,2015-09-17,17.74,18.78,17.0,17.96,93000
1007,2015-09-16,16.92,18.67,16.81,17.84,185900
1008,2015-09-15,15.88,17.0,15.88,16.77,85900
1009,2015-09-14,14.73,16.45,14.73,16.0,104000
1010,2015-09-11,14.8815,15.1,14.6,14.85,28300
1011,2015-09-10,15.0,15.42,14.75,15.04,28500
1012,2015-09-09,15.11,15.75,14.662,15.02,94600
1013,2015-09-08,14.83,15.44,14.42,15.02,46600
1014,2015-09-04,14.9,14.9401,14.4,14.8,16900
1015,2015-09-03,14.75,15.8,14.6,14.98,55000
1016,2015-09-02,15.1,16.185,14.55,14.73,69800
1017,2015-09-01,14.99,15.09,14.34,15.07,42000
1018,2015-08-31,14.39,15.84,13.863,15.32,84700
1019,2015-08-28,14.44,14.9,14.33,14.39,19700
1020,2015-08-27,13.8,15.01,13.57,14.45,103900
1021,2015-08-26,13.8,13.8202,13.25,13.75,43600
1022,2015-08-25,13.65,13.97,13.3,13.6,55500
1023,2015-08-24,13.53,13.8,12.84,13.1,115500
1024,2015-08-21,13.7402,13.99,13.574,13.9,70900
1025,2015-08-20,14.05,14.4904,13.48,13.97,203500
1026,2015-08-19,14.73,14.81,13.8,14.0,66500
1027,2015-08-18,14.88,15.02,14.6,14.71,132000
1028,2015-08-17,14.8,15.36,14.55,14.79,51700
1029,2015-08-14,14.8,15.21,14.602,14.92,33300
1030,2015-08-13,15.1,15.1,14.49,14.62,48500
1031,2015-08-12,14.99,15.44,14.6798,15.01,46400
1032,2015-08-11,14.9,15.19,14.65,14.92,24000
1033,2015-08-10,14.67,15.49,14.61,14.91,100400
1034,2015-08-07,15.09,15.45,14.67,14.68,44800
1035,2015-08-06,15.5,15.5,14.25,14.85,95000
1036,2015-08-05,16.22,16.477,14.65,14.95,132100
1037,2015-08-04,16.75,16.76,16.2,16.2,56500
1038,2015-08-03,17.1,17.469,16.28,16.64,61800
1039,2015-07-31,17.26,17.47,17.0,17.07,21900
1040,2015-07-30,17.42,17.971,17.12,17.35,31500
1041,2015-07-29,17.11,18.85,17.1,17.56,67900
1042,2015-07-28,17.35,17.67,17.26,17.27,49200
1043,2015-07-27,17.0,17.613,17.0,17.32,68500
1044,2015-07-24,17.1,17.39,15.919,17.01,89200
1045,2015-07-23,17.98,18.99,17.26,17.26,65500
1046,2015-07-22,18.87,19.22,18.03,18.29,49300
1047,2015-07-21,18.97,19.16,18.56,18.84,47500
1048,2015-07-20,18.8,19.25,17.44,19.0,81100
1049,2015-07-17,18.4996,18.91,18.2,18.77,65700
1050,2015-07-16,19.25,19.421,18.06,18.66,116100
1051,2015-07-15,19.53,19.53,19.0,19.02,42300
1052,2015-07-14,19.65,19.88,19.42,19.71,67300
1053,2015-07-13,19.75,20.0,19.6,19.65,35900
1054,2015-07-10,19.76,19.98,19.65,19.75,12200
1055,2015-07-09,19.79,20.0084,19.5,19.58,24800
1056,2015-07-08,20.0,20.32,19.51,19.6,57300
1057,2015-07-07,20.35,20.82,19.55,20.0,49200
1058,2015-07-06,20.92,21.035,20.35,20.45,20100
1059,2015-07-02,21.11,21.429,20.35,20.91,15600
1060,2015-07-01,21.33,21.67,20.26,21.0,50500
1061,2015-06-30,21.71,21.81,21.26,21.39,29900
1062,2015-06-29,21.71,21.96,21.65,21.67,25500
1063,2015-06-26,21.8,22.06,21.8,21.81,15100
1064,2015-06-25,22.03,22.26,21.75,21.89,45700
1065,2015-06-24,22.26,22.7,22.02,22.02,23100
1066,2015-06-23,22.73,22.79,22.29,22.41,24900
1067,2015-06-22,23.13,23.13,22.63,22.88,43800
1068,2015-06-19,23.74,23.7394,22.9,22.9,87100
1069,2015-06-18,23.55,23.75,23.13,23.65,48700
1070,2015-06-17,23.59,23.74,23.2,23.39,103700
1071,2015-06-16,23.17,23.75,22.935,23.41,23700
1072,2015-06-15,22.0,23.49,22.0,23.11,25600
1073,2015-06-12,22.25,22.29,22.01,22.17,10600
1074,2015-06-11,22.229,22.45,22.06,22.45,10600
1075,2015-06-10,22.25,22.43,21.99,22.2,17600
1076,2015-06-09,22.17,22.3,21.33,21.94,90900
1077,2015-06-08,22.31,22.481,22.22,22.22,18000
1078,2015-06-05,22.27,22.5,22.2703,22.45,6500
1079,2015-06-04,22.71,22.71,22.26,22.35,24300
1080,2015-06-03,22.93,22.93,22.611,22.7,12000
1081,2015-06-02,22.44,22.75,22.35,22.75,19200
1082,2015-06-01,22.71,22.71,22.25,22.54,33100
1083,2015-05-29,22.63,22.74,22.6,22.67,8700
1084,2015-05-28,22.67,22.98,22.6289,22.66,11200
1085,2015-05-27,22.99,23.09,22.6401,22.79,31300
1086,2015-05-26,23.05,23.22,22.91,23.01,9400
1087,2015-05-22,23.48,23.5512,23.078,23.13,18000
1088,2015-05-21,23.12,23.7476,22.91,23.73,24800
1089,2015-05-20,22.83,23.15,22.8,23.1,17100
1090,2015-05-19,23.33,23.46,22.94,23.04,22100
1091,2015-05-18,23.26,23.75,23.26,23.507,14800
1092,2015-05-15,22.91,23.38,22.91,23.21,13600
1093,2015-05-14,22.84,23.15,22.8,23.15,30900
1094,2015-05-13,22.9,23.05,22.71,22.845,27200
1095,2015-05-12,22.95,23.18,22.9,22.9,18400
1096,2015-05-11,22.81,23.129,22.728,22.93,33000
1097,2015-05-08,23.25,23.25,22.832,22.85,34800
1098,2015-05-07,23.2,23.2,22.93,22.94,30000
1099,2015-05-06,23.01,23.19,22.89,23.19,17900
1100,2015-05-05,22.86,23.26,22.86,23.0,25400
1101,2015-05-04,22.92,23.19,22.7981,22.8,40400
1102,2015-05-01,22.8806,23.04,22.58,22.92,30300
1103,2015-04-30,22.95,23.01,22.83,22.88,15300
1104,2015-04-29,22.8,23.2,22.8,22.89,10800
1105,2015-04-28,23.71,23.71,22.584,22.72,52300
1106,2015-04-27,23.3,23.6,23.08,23.08,18300
1107,2015-04-24,23.26,23.5,23.09,23.3,12800
1108,2015-04-23,23.15,23.52,23.0,23.34,28300
1109,2015-04-22,23.12,23.575,22.99,23.34,27800
1110,2015-04-21,23.0904,23.35,22.98,23.18,27400
1111,2015-04-20,22.76,23.35,22.76,23.11,21400
1112,2015-04-17,22.7,23.34,22.64,22.98,25300
1113,2015-04-16,22.97,23.32,22.33,22.8,38900
1114,2015-04-15,23.15,23.35,22.99,23.02,34100
1115,2015-04-14,22.71,23.22,22.71,23.03,17800
1116,2015-04-13,23.0,23.37,22.6479,22.71,28100
1117,2015-04-10,23.02,23.4,22.96,23.03,25500
1118,2015-04-09,22.98,23.2,22.77,23.19,15800
1119,2015-04-08,23.07,23.66,23.0,23.0,30400
1120,2015-04-07,23.28,23.65,22.88,22.95,22500
1121,2015-04-06,22.66,23.77,22.51,23.11,37500
1122,2015-04-02,22.92,23.13,22.41,22.5,45800
1123,2015-04-01,22.88,23.48,22.8,23.0,45000
1124,2015-03-31,23.83,23.829,22.67,22.74,38100
1125,2015-03-30,23.82,23.89,23.17,23.78,35500
1126,2015-03-27,24.05,24.23,23.42,23.92,17400
1127,2015-03-26,24.3389,24.77,23.98,24.17,27900
1128,2015-03-25,24.08,24.43,24.01,24.25,19800
1129,2015-03-24,24.54,24.95,24.2,24.32,15400
1130,2015-03-23,24.76,25.5903,23.91,24.52,65800
1131,2015-03-20,25.0,25.4,24.25,25.02,117200
1132,2015-03-19,22.89,25.0,22.89,25.0,78800
1133,2015-03-18,23.2,24.048,22.92,23.65,44500
1134,2015-03-17,23.9,24.14,22.728,23.43,33000
1135,2015-03-16,22.75,24.14,22.5,23.95,31800
1136,2015-03-13,22.99,23.35,22.56,22.9,33800
1137,2015-03-12,23.24,24.15,22.981,23.02,24800
1138,2015-03-11,22.75,23.5,22.562,23.07,45600
1139,2015-03-10,23.53,23.53,22.5,22.81,57800
1140,2015-03-09,23.5,23.93,23.01,23.93,28900
1141,2015-03-06,24.25,24.44,23.5,23.51,28400
1142,2015-03-05,24.08,24.48,24.08,24.23,17200
1143,2015-03-04,24.3606,24.389,24.12,24.15,12300
1144,2015-03-03,24.68,24.68,24.0,24.18,23700
1145,2015-03-02,24.58,24.74,23.69,24.44,26900
1146,2015-02-27,24.0,24.25,23.75,24.25,21000
1147,2015-02-26,24.15,24.17,23.662,23.94,16500
1148,2015-02-25,24.15,24.38,23.89,24.32,19700
1149,2015-02-24,23.7,24.5,23.7,24.1,49300
1150,2015-02-23,24.04,24.14,23.7,23.7,12800
1151,2015-02-20,24.12,24.14,23.66,23.98,43800
1152,2015-02-19,24.6,24.6,24.2396,24.24,34700
1153,2015-02-18,25.65,25.65,24.71,24.74,43600
1154,2015-02-17,25.52,25.72,25.0,25.51,24400
1155,2015-02-13,25.49,25.82,25.18,25.75,19000
1156,2015-02-12,25.64,25.6414,25.09,25.34,13100
1157,2015-02-11,25.94,25.99,25.25,25.25,15200
1158,2015-02-10,26.2,26.43,25.06,25.93,20200
1159,2015-02-09,25.9,26.76,25.62,26.08,64700
1160,2015-02-06,25.75,25.87,25.32,25.78,44200
1161,2015-02-05,25.5,25.88,25.0017,25.52,72000
1162,2015-02-04,25.1,25.4,24.57,25.19,23000
1163,2015-02-03,25.74,26.225,25.14,25.43,38800
1164,2015-02-02,24.29,25.72,24.29,25.72,50000
1165,2015-01-30,24.09,24.46,23.75,24.21,51800
1166,2015-01-29,24.63,24.63,23.56,24.37,53900
1167,2015-01-28,25.5,25.5,24.54,24.77,50000
1168,2015-01-27,25.64,25.769,25.25,25.47,41900
1169,2015-01-26,25.56,26.3,25.5293,25.77,31300
1170,2015-01-23,26.13,26.38,25.52,25.7,41400
1171,2015-01-22,26.14,26.38,25.75,26.35,27200
1172,2015-01-21,26.1,26.5,25.84,26.45,68700
1173,2015-01-20,25.56,26.51,25.5617,26.07,47400
1174,2015-01-16,26.07,26.07,25.04,25.71,33900
1175,2015-01-15,25.76,25.96,25.0,25.03,36300
1176,2015-01-14,25.22,25.6988,25.0,25.7,60700
1177,2015-01-13,25.25,25.8,25.25,25.59,59400
1178,2015-01-12,25.7,25.7,25.001,25.35,54700
1179,2015-01-09,24.39,25.73,24.3003,25.55,50600
1180,2015-01-08,24.54,24.79,24.36,24.61,52000
1181,2015-01-07,24.05,24.58,23.8,24.43,33200
1182,2015-01-06,24.6,24.84,23.16,23.75,69200
1183,2015-01-05,25.1,25.1,24.53,24.71,45400
1184,2015-01-02,25.5,25.94,24.93,25.48,35600
1185,2014-12-31,25.15,25.9891,24.75,25.53,41200
1186,2014-12-30,25.07,25.386,24.7488,25.1,36000
1187,2014-12-29,25.371,25.699,24.891,25.16,43000
1188,2014-12-26,26.0,26.03,25.28,25.37,18600
1189,2014-12-24,26.25,26.25,25.75,25.82,22000
1190,2014-12-23,25.0,26.33,24.67,26.32,51000
1191,2014-12-22,24.75,25.47,24.33,25.2,113200
1192,2014-12-19,24.51,25.05,24.2294,24.53,407500
1193,2014-12-18,24.73,24.844,24.12,24.49,85300
1194,2014-12-17,23.65,24.2,23.4999,24.04,216900
1195,2014-12-16,22.5,23.995,22.1,23.22,45200
1196,2014-12-15,22.3,22.675,22.02,22.39,55700
1197,2014-12-12,22.86,23.9,22.11,22.41,112200
1198,2014-12-11,23.15,24.195,22.95,23.0,84700
1199,2014-12-10,24.08,24.08,23.1,23.49,40700
1200,2014-12-09,22.75,24.48,22.75,24.24,79600
1201,2014-12-08,23.64,24.09,22.3,23.11,60000
1202,2014-12-05,23.89,24.11,23.62,23.71,49300
1203,2014-12-04,24.4,24.98,23.81,23.92,35700
1204,2014-12-03,24.47,25.6,24.37,24.56,50500
1205,2014-12-02,23.182,24.56,23.18,24.19,72700
1206,2014-12-01,25.5,25.75,23.15,23.63,141200
1207,2014-11-28,27.5,27.5,25.6,25.83,68400
1208,2014-11-26,27.99,28.36,27.72,28.2,75000
1209,2014-11-25,27.94,28.24,27.59,28.1,22200
1210,2014-11-24,27.27,28.24,27.08,28.08,21200
1211,2014-11-21,27.01,27.438,26.83,27.33,27800
1212,2014-11-20,26.68,27.2,26.68,27.08,20000
1213,2014-11-19,27.43,27.43,26.15,26.41,54900
1214,2014-11-18,26.2,27.9823,26.2,27.27,98600
1215,2014-11-17,26.32,26.65,26.15,26.25,35000
1216,2014-11-14,26.55,26.867,26.25,26.68,37800
1217,2014-11-13,27.12,27.915,26.31,26.64,33700
1218,2014-11-12,27.65,28.19,27.15,27.17,29600
1219,2014-11-11,26.96,28.19,26.888,27.99,16600
1220,2014-11-10,27.895,28.28,27.0,27.05,7900
1221,2014-11-07,27.5,28.4,26.88,27.6,16800
1222,2014-11-06,27.65,28.21,27.31,27.45,26100
1223,2014-11-05,26.87,27.7,25.85,27.63,23000
1224,2014-11-04,26.65,27.22,25.8,26.91,98600
1225,2014-11-03,27.63,27.786,26.621,26.65,37900
1226,2014-10-31,27.63,27.77,27.2,27.47,32500
1227,2014-10-30,28.51,29.338,27.39,27.48,30500
1228,2014-10-29,28.998,29.365,28.11,28.34,18600
1229,2014-10-28,28.14,29.11,27.42,28.7,49100
1230,2014-10-27,28.11,28.91,27.291,28.13,42100
1231,2014-10-24,28.27,29.42,28.01,28.2,66800
1232,2014-10-23,29.0513,29.948,28.14,28.51,67200
1233,2014-10-22,30.98,31.718,28.971,29.12,42800
1234,2014-10-21,29.81,31.23,29.2,30.99,127300
1235,2014-10-20,28.72,29.5,27.37,29.43,97800
1236,2014-10-17,28.46,28.8,26.499,28.8,201200
1237,2014-10-16,25.49,26.93,25.13,26.4,45000
1238,2014-10-15,25.42,26.5,25.0,25.7,69900
1239,2014-10-14,25.3001,25.88,24.42,25.68,200100
1240,2014-10-13,27.03,27.5,25.26,25.46,92900
1241,2014-10-10,27.46,28.8749,26.27,26.84,87900
1242,2014-10-09,27.2,29.54,26.85,27.41,64200
1243,2014-10-08,28.0,28.5,26.64,27.16,94700
1244,2014-10-07,27.67,28.38,27.49,28.14,67500
1245,2014-10-06,28.36,28.559,27.402,27.82,101000
1246,2014-10-03,29.2,29.2,28.3,28.4,40100
1247,2014-10-02,29.81,29.81,28.27,29.06,66300
1248,2014-10-01,29.5091,29.97,29.25,29.92,33200
1249,2014-09-30,30.25,30.25,29.33,29.57,27100
1250,2014-09-29,29.05,30.34,29.0516,30.23,58000
1251,2014-09-26,29.24,29.6,29.153,29.58,25500
1252,2014-09-25,29.25,29.6,29.0,29.3,37700
1253,2014-09-24,28.6,29.4,28.52,29.25,37100
1254,2014-09-23,28.75,29.364,28.51,28.67,37800
1255,2014-09-22,29.29,29.58,28.6813,28.89,103800
1256,2014-09-19,29.9,30.09,29.6,29.61,147700
1257,2014-09-18,29.75,29.99,29.66,29.96,44200
1258,2014-09-17,30.2495,30.37,29.76,29.83,76500
1259,2014-09-16,29.65,30.56,29.65,30.34,100900
1260,2014-09-15,31.36,31.45,29.67,30.0,204800
1261,2014-09-12,32.88,32.97,31.168,31.49,96300
1262,2014-09-11,33.0634,33.2,32.768,33.05,35200
1263,2014-09-10,33.2,33.43,33.01,33.01,75300
1264,2014-09-09,33.2,33.48,32.982,33.36,43000
1265,2014-09-08,33.16,33.63,33.1,33.2,32100
1266,2014-09-05,33.29,33.44,33.0,33.29,28600
1267,2014-09-04,33.5,33.69,33.1398,33.42,87900
1268,2014-09-03,33.85,33.95,33.61,33.81,14200
1269,2014-09-02,34.06,34.38,33.92,33.98,55400
1270,2014-08-29,33.76,34.25,33.6402,34.08,17000
1271,2014-08-28,33.65,34.0,33.64,33.8,30800
1272,2014-08-27,33.59,33.8,33.47,33.71,24200
1273,2014-08-26,33.51,34.03,33.25,33.73,81300
1274,2014-08-25,33.77,33.79,33.42,33.55,60800
1275,2014-08-22,33.58,33.75,33.35,33.75,36700
1276,2014-08-21,33.79,34.0816,33.52,33.74,39100
1277,2014-08-20,33.75,33.95,33.37,33.89,31000
1278,2014-08-19,34.0,34.0,33.38,33.81,44800
1279,2014-08-18,34.0,34.2583,33.42,33.9,43500
1280,2014-08-15,33.45,33.7,33.1043,33.69,73400
1281,2014-08-14,33.65,33.65,33.16,33.44,25100
1282,2014-08-13,33.6491,33.65,33.34,33.5,34200
1283,2014-08-12,33.41,33.93,33.331,33.65,45800
1284,2014-08-11,33.34,33.91,33.34,33.38,69100
1285,2014-08-08,33.13,33.54,33.11,33.33,43800
1286,2014-08-07,33.56,33.71,33.17,33.25,42300
1287,2014-08-06,33.56,33.89,33.3991,33.64,41800
1288,2014-08-05,34.83,35.0,33.56,33.84,53800
1289,2014-08-04,34.4,34.695,34.1,34.47,45800
1290,2014-08-01,33.89,34.358,33.71,34.02,80300
1291,2014-07-31,34.2826,34.584,33.66,34.16,86500
1292,2014-07-30,35.2303,35.554,34.25,34.57,78500
1293,2014-07-29,34.46,35.34,34.35,35.05,335800
1294,2014-07-28,33.94,34.46,33.751,34.24,150900
1295,2014-07-25,33.82,33.8413,33.21,33.79,79300
1296,2014-07-24,34.0,34.05,33.66,33.79,70200
1297,2014-07-23,33.6028,34.277,33.6,33.96,157100
1298,2014-07-22,33.26,33.68,33.1,33.6,50600
1299,2014-07-21,33.02,33.39,32.41,33.32,59100
1300,2014-07-18,33.29,33.29,32.88,33.02,47600
1301,2014-07-17,32.0,34.07,31.27,32.98,187500
1302,2014-07-16,31.13,32.46,31.13,32.46,71600
1303,2014-07-15,31.25,31.45,30.65,31.12,42300
1304,2014-07-14,30.95,31.35,30.71,31.22,50200
1305,2014-07-11,30.86,31.2,30.4087,31.01,40700
1306,2014-07-10,30.85,30.88,30.55,30.6,24400
1307,2014-07-09,30.53,31.23,30.53,30.98,35400
1308,2014-07-08,30.48,30.74,30.28,30.71,25800
1309,2014-07-07,30.2,30.47,30.2,30.376,16700
1310,2014-07-03,30.49,30.51,30.196,30.3,12900
1311,2014-07-02,30.51,30.661,30.0,30.348,36300
1312,2014-07-01,30.5,30.74,30.5,30.63,26100
1313,2014-06-30,30.351,30.61,30.157,30.54,21800
1314,2014-06-27,30.1021,30.44,30.0,30.38,18400
1315,2014-06-26,30.0,30.1,29.88,30.07,23500
1316,2014-06-25,30.09,30.113,29.9,29.92,105200
1317,2014-06-24,30.08,30.39,29.54,30.0,59100
1318,2014-06-23,29.3,30.0295,29.12,30.0,40300
1319,2014-06-20,29.07,29.59,29.0,29.3,116100
1320,2014-06-19,28.9491,29.25,28.78,29.16,29500
1321,2014-06-18,28.6195,28.94,28.51,28.81,39200
1322,2014-06-17,28.53,28.62,28.28,28.53,14600
1323,2014-06-16,28.41,28.5881,28.0,28.47,23100
1324,2014-06-13,28.25,28.524,28.25,28.35,30500
1325,2014-06-12,28.4,28.59,28.25,28.28,28000
1326,2014-06-11,28.45,28.57,28.3,28.3,7900
1327,2014-06-10,28.5,28.57,28.28,28.4,27400
1328,2014-06-09,28.54,28.589,28.417,28.49,8100
1329,2014-06-06,28.0,28.5,28.0,28.47,22400
1330,2014-06-05,28.0621,28.1,27.87,28.02,28000
1331,2014-06-04,28.25,28.2471,27.7,28.06,60000
1332,2014-06-03,28.12,28.24,28.102,28.16,14400
1333,2014-06-02,28.27,28.27,28.101,28.23,14900
1334,2014-05-30,28.36,28.47,28.05,28.28,17200
1335,2014-05-29,28.15,28.61,28.15,28.5,29400
1336,2014-05-28,28.5,28.55,28.0,28.16,34200
1337,2014-05-27,28.62,28.62,28.35,28.42,18300
1338,2014-05-23,28.65,29.0,28.41,28.61,39800
1339,2014-05-22,28.4,28.8,28.353,28.66,27300
1340,2014-05-21,28.251,28.35,28.003,28.35,8400
1341,2014-05-20,28.24,28.4,27.9521,28.25,24800
1342,2014-05-19,27.91,28.38,27.91,28.21,39300
1343,2014-05-16,28.51,28.51,27.87,27.9,49500
1344,2014-05-15,28.35,28.608,27.7809,28.46,40300
1345,2014-05-14,28.45,28.64,28.36,28.36,37300
1346,2014-05-13,28.57,28.583,28.35,28.49,27400
1347,2014-05-12,28.31,28.53,28.18,28.5,43800
1348,2014-05-09,27.76,28.26,27.7,28.12,38500
1349,2014-05-08,27.6,27.99,27.54,27.58,22300
1350,2014-05-07,27.99,28.0,27.5,27.6,35900
1351,2014-05-06,27.53,27.998,27.31,27.96,46200
1352,2014-05-05,27.25,27.64,27.25,27.54,10400
1353,2014-05-02,27.39,27.5,27.21,27.4,33500
1354,2014-05-01,27.21,27.5,27.194,27.21,30800
1355,2014-04-30,27.1,27.47,27.05,27.38,42600
1356,2014-04-29,27.03,27.23,26.95,27.1,27200
1357,2014-04-28,26.88,27.208,26.799,26.97,35600
1358,2014-04-25,26.5508,26.91,26.55,26.72,44200
1359,2014-04-24,26.65,27.0,26.55,26.68,22100
1360,2014-04-23,26.67,26.93,26.56,26.7,18800
1361,2014-04-22,26.96,27.464,26.5604,26.93,18400
1362,2014-04-21,26.93,27.0016,26.68,26.95,16400
1363,2014-04-17,26.78,27.209,26.675,26.84,44300
1364,2014-04-16,27.07,27.16,26.6,26.82,70200
1365,2014-04-15,27.26,27.65,27.16,27.35,81000
1366,2014-04-14,26.9,27.47,26.771,27.29,67000
1367,2014-04-11,26.6,26.9,26.6,26.75,33100
1368,2014-04-10,26.75,26.75,26.5,26.59,23400
1369,2014-04-09,26.36,26.69,26.3505,26.68,15100
1370,2014-04-08,26.22,26.5,26.15,26.49,17300
1371,2014-04-07,26.5,26.5,26.16,26.24,24200
1372,2014-04-04,26.34,26.5015,26.3,26.34,14400
1373,2014-04-03,26.45,26.49,26.25,26.36,23500
1374,2014-04-02,26.35,26.41,26.251,26.4,20600
1375,2014-04-01,26.35,26.35,26.181,26.25,24800
1376,2014-03-31,26.0,26.31,26.0,26.2,26400
1377,2014-03-28,25.99,25.9994,25.86,25.95,22200
1378,2014-03-27,25.92,26.0,25.83,25.83,27500
1379,2014-03-26,26.03,26.0304,25.911,25.99,31500
1380,2014-03-25,25.9,26.02,25.822,25.941,27700
1381,2014-03-24,26.07,26.0802,25.81,25.82,29700
1382,2014-03-21,25.95,26.08,25.8,25.8,35600
1383,2014-03-20,25.7802,25.99,25.62,25.76,34300
1384,2014-03-19,25.73,25.89,25.521,25.66,28200
1385,2014-03-18,25.69,25.9,25.51,25.73,37500
1386,2014-03-17,25.6517,25.78,25.3,25.63,55800
1387,2014-03-14,25.4,25.62,25.4,25.5,28700
1388,2014-03-13,25.66,25.78,25.4,25.5,36100
1389,2014-03-12,25.7,25.74,25.401,25.6,46200
1390,2014-03-11,25.73,25.9,25.55,25.56,18100
1391,2014-03-10,25.63,25.85,25.552,25.73,31100
1392,2014-03-07,25.2,25.6618,25.2,25.55,149200
1393,2014-03-06,25.1297,25.13,24.92,25.1,28000
1394,2014-03-05,25.076,25.13,25.0,25.06,15300
1395,2014-03-04,25.03,25.0896,25.0,25.07,20000
1396,2014-03-03,24.9202,25.08,24.92,24.96,25800
1397,2014-02-28,25.0,25.12,24.99,25.08,17100
1398,2014-02-27,25.15,25.1517,25.0,25.03,23200
1399,2014-02-26,25.04,25.13,25.02,25.11,34300
1400,2014-02-25,25.01,25.12,25.0,25.03,94600
1401,2014-02-24,25.0,25.15,25.0,25.01,17100
1402,2014-02-21,24.88,25.1821,24.88,25.05,50400
1403,2014-02-20,25.02,25.13,24.88,24.96,113400
1404,2014-02-19,24.6,25.02,24.6,24.92,16000
1405,2014-02-18,24.79,25.29,24.5402,24.6,74500
1406,2014-02-14,25.05,25.29,24.79,24.79,38300
1407,2014-02-13,24.75,25.185,24.671,25.05,54800
1408,2014-02-12,24.78,24.96,24.68,24.89,26300
1409,2014-02-11,24.65,24.95,24.58,24.77,21300
1410,2014-02-10,24.71,24.96,24.51,24.56,42200
1411,2014-02-07,24.47,25.1,24.4,24.83,70900
1412,2014-02-06,24.37,24.89,24.3,24.51,52700
1413,2014-02-05,24.29,24.465,24.08,24.44,41700
1414,2014-02-04,24.34,24.7,24.1109,24.42,52900
1415,2014-02-03,25.08,25.08,24.154,24.25,88800
1416,2014-01-31,25.15,25.23,24.63,25.01,83900
1417,2014-01-30,25.454,25.454,24.72,25.01,67300
1418,2014-01-29,25.0593,25.43,24.85,25.37,56100
1419,2014-01-28,25.22,25.408,25.04,25.16,64600
1420,2014-01-27,25.6,25.6,24.62,25.15,72700
1421,2014-01-24,25.6,25.76,25.28,25.51,35400
1422,2014-01-23,25.63,25.85,25.44,25.6,42700
1423,2014-01-22,25.74,25.98,25.5,25.6,53600
1424,2014-01-21,25.46,25.67,25.4263,25.6,27700
1425,2014-01-17,25.32,25.9,25.0592,25.4,70500
1426,2014-01-16,25.5,25.91,25.0,25.38,87900
1427,2014-01-15,25.9,26.209,25.9,25.934,49300
1428,2014-01-14,26.28,26.28,25.78,25.91,37800
1429,2014-01-13,26.15,26.28,25.93,26.14,19300
1430,2014-01-10,26.02,26.15,25.9,26.15,25900
1431,2014-01-09,25.7212,26.099,25.72,25.93,26900
1432,2014-01-08,25.87,25.87,25.58,25.65,11700
1433,2014-01-07,25.54,26.04,25.26,25.87,25600
1434,2014-01-06,25.68,26.14,25.63,25.63,32400
1435,2014-01-03,25.29,25.966,25.29,25.52,19700
1436,2014-01-02,25.8,25.8,25.212,25.36,32900
1437,2013-12-31,25.83,25.98,25.75,25.98,14500
1438,2013-12-30,25.72,25.999,25.65,25.76,37100
1439,2013-12-27,25.4021,25.7,25.4,25.64,22100
1440,2013-12-26,25.19,25.4,25.02,25.37,20500
1441,2013-12-24,25.0003,25.38,25.0,25.16,13700
1442,2013-12-23,24.7,25.55,24.63,25.5,34700
1443,2013-12-20,24.8,25.2366,24.7,24.73,72200
1444,2013-12-19,24.68,24.9,24.65,24.82,11600
1445,2013-12-18,24.56,24.85,24.56,24.68,25100
1446,2013-12-17,24.67,24.73,24.4,24.71,14700
1447,2013-12-16,24.7,24.79,24.4,24.57,30100
1448,2013-12-13,24.63,24.84,24.55,24.7,25700
1449,2013-12-12,24.73,24.78,24.51,24.65,19200
1450,2013-12-11,24.78,24.78,24.6,24.62,8300
1451,2013-12-10,24.52,24.68,24.51,24.61,9000
1452,2013-12-09,24.64,24.93,24.51,24.54,16900
1453,2013-12-06,24.6608,24.84,24.51,24.62,20400
1454,2013-12-05,24.49,24.76,24.4,24.64,13200
1455,2013-12-04,24.37,24.5,24.36,24.4,9900
1456,2013-12-03,24.48,24.53,24.4,24.4,23700
1457,2013-12-02,24.43,24.56,24.4,24.4,43800
1458,2013-11-29,24.4,24.57,24.4,24.55,9000
1459,2013-11-27,24.5,24.625,24.35,24.4,25800
1460,2013-11-26,24.32,24.88,24.32,24.4,35400
1461,2013-11-25,24.3,24.63,24.22,24.41,52700
1462,2013-11-22,24.2,24.68,24.111,24.36,41600
1463,2013-11-21,24.25,24.49,24.08,24.28,34100
1464,2013-11-20,24.06,24.38,24.0,24.15,37800
1465,2013-11-19,23.96,24.31,23.9,23.95,65900
1466,2013-11-18,25.0,25.0,23.93,23.93,79100
1467,2013-11-15,24.66,24.94,24.55,24.92,30900
1468,2013-11-14,24.4,24.81,24.4,24.52,22900
1469,2013-11-13,24.54,24.83,24.4,24.5,28800
1470,2013-11-12,24.66,24.85,24.35,24.4,85800
1471,2013-11-11,24.69,24.95,24.401,24.85,51600
1472,2013-11-08,24.1687,24.79,24.14,24.76,53100
1473,2013-11-07,24.75,24.75,24.09,24.25,87600
1474,2013-11-06,24.81,24.9,24.57,24.9,23900
1475,2013-11-05,25.0,25.0,24.73,24.76,17900
1476,2013-11-04,24.3,25.2,24.2,25.06,103900
1477,2013-11-01,24.5,24.5,24.04,24.28,75100
1478,2013-10-31,24.66,24.77,24.26,24.31,80500
1479,2013-10-30,24.72,24.8,24.5,24.64,47200
1480,2013-10-29,24.71,24.8,24.337,24.71,23800
1481,2013-10-28,24.61,24.866,24.23,24.83,78500
1482,2013-10-25,24.72,24.75,24.31,24.62,37200
1483,2013-10-24,24.1,24.9,23.96,24.89,46300
1484,2013-10-23,24.61,24.657,23.831,24.18,52500
1485,2013-10-22,24.9,24.9008,23.92,24.46,52400
1486,2013-10-21,24.87,25.0,24.627,24.84,43300
1487,2013-10-18,24.31,24.86,24.14,24.86,42700
1488,2013-10-17,24.04,24.5,24.04,24.32,56100
1489,2013-10-16,24.25,24.57,24.25,24.51,35300
1490,2013-10-15,24.35,24.5,24.25,24.3,73400
1491,2013-10-14,24.16,24.538,24.16,24.34,24900
1492,2013-10-11,23.9,24.6,23.9,24.32,39900
1493,2013-10-10,23.97,24.1,23.8,24.08,52500
1494,2013-10-09,23.845,23.98,23.8,23.83,15700
1495,2013-10-08,24.08,24.09,23.82,23.97,20800
1496,2013-10-07,23.77,24.15,23.77,23.98,18300
1497,2013-10-04,23.7995,24.09,23.77,23.78,20900
1498,2013-10-03,23.75,24.08,23.75,23.77,12200
1499,2013-10-02,23.99,24.09,23.69,23.75,52300
1500,2013-10-01,23.9,24.17,23.7,23.95,66900
1501,2013-09-30,23.87,24.1,23.87,23.9,6700
1502,2013-09-27,23.91,24.17,23.87,23.98,20000
1503,2013-09-26,23.77,24.18,23.77,23.91,7700
1504,2013-09-25,23.94,24.181,23.762,23.9,32100
1505,2013-09-24,23.71,24.24,23.689,23.8,23900
1506,2013-09-23,23.59,24.21,23.563,23.83,73400
1507,2013-09-20,23.94,24.11,23.75,23.75,88600
1508,2013-09-19,24.07,24.26,23.95,23.99,36800
1509,2013-09-18,24.1,24.3,23.92,23.96,91400
1510,2013-09-17,24.22,24.37,24.11,24.11,7700
1511,2013-09-16,24.3,24.4,24.0204,24.1,35100
1512,2013-09-13,24.11,24.39,24.1,24.24,38200
1513,2013-09-12,24.33,24.37,24.11,24.11,14400
1514,2013-09-11,24.28,24.315,24.12,24.22,20400
1515,2013-09-10,24.4,24.4,24.05,24.25,37500
1516,2013-09-09,24.12,24.4,24.08,24.4,31300
1517,2013-09-06,24.04,24.24,23.9,23.98,44400
1518,2013-09-05,24.22,24.3,24.01,24.03,17900
1519,2013-09-04,24.03,24.3,24.03,24.18,13600
1520,2013-09-03,24.0,24.16,23.93,24.06,30600
1521,2013-08-30,24.1619,24.16,23.88,23.99,33600
1522,2013-08-29,24.0571,24.25,23.9,24.1,28700
1523,2013-08-28,24.26,24.34,23.9988,24.32,10600
1524,2013-08-27,24.2,24.3,24.0,24.15,32100
1525,2013-08-26,24.0,24.277,24.0,24.2,18000
1526,2013-08-23,24.25,24.28,24.01,24.16,12800
1527,2013-08-22,24.16,24.2,24.0,24.08,17200
1528,2013-08-21,24.1,24.18,23.88,23.97,19800
1529,2013-08-20,24.01,24.17,23.857,23.95,9300
1530,2013-08-19,24.03,24.19,23.85,23.95,15100
1531,2013-08-16,24.06,24.139,23.87,24.0,26900
1532,2013-08-15,24.21,24.35,23.85,24.0,18100
1533,2013-08-14,24.06,24.38,24.0,24.19,21300
1534,2013-08-13,24.03,24.24,23.9,23.96,17000
1535,2013-08-12,24.26,24.5,24.0,24.08,31500
1536,2013-08-09,24.33,24.39,24.19,24.24,14400
1537,2013-08-08,24.62,24.62,24.22,24.29,17300
1538,2013-08-07,24.48,24.57,24.09,24.51,15000
1539,2013-08-06,24.0106,24.54,24.01,24.45,19100
1540,2013-08-05,24.32,24.32,24.05,24.19,10600
1541,2013-08-02,24.2701,24.5,24.01,24.25,20800
1542,2013-08-01,24.25,24.5,24.151,24.19,34100
1543,2013-07-31,24.02,24.2715,24.0,24.23,22800
1544,2013-07-30,24.12,24.36,23.76,24.22,24200
1545,2013-07-29,24.11,24.43,23.94,24.02,27900
1546,2013-07-26,24.33,24.46,24.1,24.1,10100
1547,2013-07-25,24.09,24.4356,23.922,24.101,24200
1548,2013-07-24,24.1,24.24,23.7703,24.19,29200
1549,2013-07-23,24.35,24.415,24.02,24.02,24500
1550,2013-07-22,24.65,24.66,23.862,24.23,42500
1551,2013-07-19,24.54,24.8895,24.25,24.66,27700
1552,2013-07-18,24.79,24.93,24.526,24.59,20600
1553,2013-07-17,25.14,25.14,24.75,25.09,35700
1554,2013-07-16,25.1,25.19,24.9,25.15,18800
1555,2013-07-15,25.0,25.24,24.97,25.1,28300
1556,2013-07-12,25.0,25.0981,24.9,24.933,17200
1557,2013-07-11,25.1098,25.11,24.96,25.04,17200
1558,2013-07-10,24.86,25.1,24.75,24.99,25000
1559,2013-07-09,24.57,24.98,24.5,24.78,21400
1560,2013-07-08,24.01,24.79,24.01,24.69,32100
1561,2013-07-05,24.18,24.39,24.023,24.16,22600
1562,2013-07-03,24.3,24.3,23.91,24.19,14700
1563,2013-07-02,24.39,24.47,24.01,24.01,23600
1564,2013-07-01,24.49,24.71,24.2,24.38,33800
1565,2013-06-28,24.49,24.679,24.281,24.49,17100
1566,2013-06-27,24.24,24.85,24.24,24.68,29200
1567,2013-06-26,23.97,24.5,23.5989,24.09,29000
1568,2013-06-25,23.69,23.89,23.57,23.81,23200
1569,2013-06-24,23.6,23.899,23.37,23.66,33300
1570,2013-06-21,23.72,24.03,23.62,23.77,59900
1571,2013-06-20,24.38,24.38,23.51,23.77,60500
1572,2013-06-19,24.89,24.89,24.44,24.5,30400
1573,2013-06-18,24.38,24.85,24.38,24.85,30100
1574,2013-06-17,24.12,24.44,24.0,24.37,27500
1575,2013-06-14,24.29,24.6,24.0,24.2,43700
1576,2013-06-13,24.46,24.84,24.256,24.27,37600
1577,2013-06-12,25.056,25.08,24.2201,24.43,63800
1578,2013-06-11,25.2,25.3,25.0,25.075,33700
1579,2013-06-10,25.25,25.39,25.01,25.3,17800
1580,2013-06-07,24.89,25.2,24.5,25.19,22800
1581,2013-06-06,24.79,24.89,24.7,24.88,19500
1582,2013-06-05,24.85,24.88,24.55,24.79,32800
1583,2013-06-04,24.4,24.7,24.38,24.69,21100
1584,2013-06-03,24.0998,24.58,24.1,24.36,30800
1585,2013-05-31,24.95,25.0,23.97,24.1,74200
1586,2013-05-30,24.87,25.13,24.65,24.98,25700
1587,2013-05-29,25.06,25.19,24.65,24.99,27300
1588,2013-05-28,25.3006,25.44,24.9,25.0,52000
1589,2013-05-24,24.88,25.25,24.65,25.23,17200
1590,2013-05-23,25.05,25.1516,24.81,25.02,25600
1591,2013-05-22,25.27,25.6474,25.2,25.2,36500
1592,2013-05-21,25.1396,25.45,25.1,25.37,47000
1593,2013-05-20,25.05,25.5,25.0,25.18,61500
1594,2013-05-17,25.09,25.09,24.861,25.04,61700
1595,2013-05-16,25.12,25.33,24.95,25.03,25200
1596,2013-05-15,24.94,25.12,24.811,25.12,39400
1597,2013-05-14,24.93,24.9484,24.72,24.94,26700
1598,2013-05-13,24.73,24.9,24.4441,24.87,25900
1599,2013-05-10,24.5,24.86,24.5,24.63,26900
1600,2013-05-09,24.7,24.88,24.0,24.59,54500
1601,2013-05-08,24.95,24.95,24.6209,24.73,34600
1602,2013-05-07,24.21,24.84,24.12,24.84,48000
1603,2013-05-06,24.02,24.2,23.861,24.11,87900
1604,2013-05-03,23.76,24.349,23.53,24.06,87700
1605,2013-05-02,23.75,23.79,23.4,23.69,89400
1606,2013-05-01,23.55,23.579,23.4,23.56,67300
1607,2013-04-30,23.59,23.59,23.35,23.51,112700
1608,2013-04-29,23.44,23.58,23.25,23.43,131100
1609,2013-04-26,23.17,23.335,23.09,23.26,148300
1610,2013-04-25,23.15,23.254,22.98,23.09,121100
1611,2013-04-24,23.22,23.4,23.051,23.13,69200
1612,2013-04-23,23.01,23.207,22.912,23.04,54800
1613,2013-04-22,23.01,23.17,23.0102,23.04,41600
1614,2013-04-19,22.86,23.09,22.86,23.01,21100
1615,2013-04-18,22.65,23.1,22.65,23.0,65600
1616,2013-04-17,23.1,23.26,23.0,23.08,140100
1617,2013-04-16,23.22,23.28,23.06,23.28,55100
1618,2013-04-15,23.2021,23.43,23.0,23.01,92200
1619,2013-04-12,23.2499,23.4,23.203,23.31,79900
1620,2013-04-11,23.19,23.44,23.08,23.4,95000
1621,2013-04-10,23.41,23.67,23.06,23.23,109800
1622,2013-04-09,23.46,23.62,23.11,23.41,74000
1623,2013-04-08,23.11,23.57,23.01,23.49,80600
1624,2013-04-05,22.96,23.35,22.96,23.13,33000
1625,2013-04-04,23.0,23.275,22.94,23.01,46800
1626,2013-04-03,23.17,23.313,23.1,23.18,67200
1627,2013-04-02,23.55,23.55,23.0,23.22,118800
1628,2013-04-01,23.2,23.65,22.98,23.57,136600
1629,2013-03-28,23.53,23.563,23.06,23.2,149500
1630,2013-03-27,23.4299,23.54,23.02,23.53,112300
1631,2013-03-26,23.3,23.7,23.16,23.3,104300
1632,2013-03-25,23.1526,23.71,23.13,23.28,74100
1633,2013-03-22,23.01,23.18,22.98,23.03,75100
1634,2013-03-21,23.34,23.35,22.95,23.09,74000
1635,2013-03-20,23.31,23.48,23.14,23.25,42900
1636,2013-03-19,23.64,23.71,22.8,23.0,82200
1637,2013-03-18,22.79,23.6,22.79,23.54,83700
1638,2013-03-15,23.2,23.4,22.8,22.82,62400
1639,2013-03-14,23.28,23.28,22.96,23.16,25200
1640,2013-03-13,23.02,23.33,22.989,23.18,20300
1641,2013-03-12,23.22,23.36,23.0,23.13,22000
1642,2013-03-11,23.04,23.44,22.8,23.25,26800
1643,2013-03-08,23.14,23.24,22.75,22.94,48500
1644,2013-03-07,23.1,23.57,23.09,23.14,52700
1645,2013-03-06,23.03,23.21,22.67,23.13,37300
1646,2013-03-05,23.1,23.15,22.59,22.94,68000
1647,2013-03-04,23.17,23.254,22.86,23.1,21700
1648,2013-03-01,23.28,23.5,22.98,23.29,74400
1649,2013-02-28,23.86,24.08,23.5,23.57,34000
1650,2013-02-27,24.0,24.08,23.75,23.83,32700
1651,2013-02-26,23.5704,24.0,23.47,23.84,31300
1652,2013-02-25,23.73,23.945,23.401,23.66,58200
1653,2013-02-22,23.32,23.62,23.316,23.52,24800
1654,2013-02-21,23.4,23.6018,23.26,23.38,54900
1655,2013-02-20,23.47,23.6098,23.44,23.52,60400
1656,2013-02-19,23.37,23.62,23.26,23.46,59400
1657,2013-02-15,23.48,23.75,23.24,23.33,23800
1658,2013-02-14,23.74,23.87,23.41,23.6,19200
1659,2013-02-13,23.47,23.93,23.37,23.66,27800
1660,2013-02-12,23.57,23.75,23.21,23.33,31600
1661,2013-02-11,22.84,23.5,22.8,23.44,24500
1662,2013-02-08,23.1,23.15,22.8,22.84,57900
1663,2013-02-07,23.28,23.28,22.9,23.16,51400
1664,2013-02-06,23.0808,23.39,22.98,23.28,54100
1665,2013-02-05,23.1893,23.71,22.97,23.2,82000
1666,2013-02-04,23.0,23.2,22.97,23.2,40000
1667,2013-02-01,22.69,23.12,22.4,22.97,123500
1668,2013-01-31,22.15,22.66,22.15,22.26,31600
1669,2013-01-30,22.26,22.34,22.02,22.25,28100
1670,2013-01-29,22.19,22.45,22.07,22.21,55000
1671,2013-01-28,22.21,22.5,21.9,22.1,35400
1672,2013-01-25,22.2,22.32,22.16,22.21,23600
1673,2013-01-24,22.31,22.5,22.17,22.24,36700
1674,2013-01-23,22.3793,22.61,22.08,22.21,37200
1675,2013-01-22,22.15,22.78,22.15,22.46,59200
1676,2013-01-18,22.25,22.35,22.12,22.15,19200
1677,2013-01-17,21.98,22.32,21.65,22.27,55000
1678,2013-01-16,22.5,22.5,22.0102,22.04,86600
1679,2013-01-15,22.33,22.51,22.21,22.31,28900
1680,2013-01-14,22.06,22.52,22.06,22.32,65100
1681,2013-01-11,21.8201,22.21,21.6,21.98,77800
1682,2013-01-10,21.48,21.92,21.441,21.778,37200
1683,2013-01-09,21.32,21.739,21.31,21.4,68500
1684,2013-01-08,21.15,21.71,21.15,21.294,34800
1685,2013-01-07,21.23,21.4,20.99,21.24,31800
1686,2013-01-04,20.95,21.35,20.76,21.18,49000
1687,2013-01-03,20.63,20.91,20.53,20.86,27900
1688,2013-01-02,20.43,20.84,20.43,20.5,32500
1689,2012-12-31,20.02,20.4,20.0,20.328,99600
1690,2012-12-28,20.01,20.5,20.01,20.09,50000
1691,2012-12-27,20.02,20.3,19.9,20.29,50500
1692,2012-12-26,20.25,20.3,20.0,20.0,61900
1693,2012-12-24,20.22,20.55,20.16,20.3,24900
1694,2012-12-21,20.18,20.489,20.09,20.35,56200
1695,2012-12-20,20.18,20.56,20.01,20.48,109800
1696,2012-12-19,20.34,20.39,19.9,20.2,204000
1697,2012-12-18,20.35,20.99,20.25,20.36,73500
1698,2012-12-17,20.25,20.37,20.17,20.31,75500
1699,2012-12-14,20.2,20.3,20.03,20.25,58300
1700,2012-12-13,20.31,20.39,20.01,20.11,156400
1701,2012-12-12,20.19,21.2,20.138,20.298,123300
1702,2012-12-11,20.3098,20.5,20.2,20.25,87900
1703,2012-12-10,20.29,20.69,20.25,20.34,77900
1704,2012-12-07,20.72,20.84,20.3,20.43,103200
1705,2012-12-06,21.12,21.131,20.71,20.73,103100
1706,2012-12-05,21.29,21.3315,20.92,21.12,59800
1707,2012-12-04,21.01,21.39,21.01,21.2,18300
1708,2012-12-03,21.0,21.49,21.0,21.05,49600
1709,2012-11-30,21.08,21.08,20.92,21.0,46200
1710,2012-11-29,21.0,21.34,20.9306,21.003,44700
1711,2012-11-28,21.25,21.3202,20.83,21.17,59500
1712,2012-11-27,21.28,21.55,21.13,21.22,22000
1713,2012-11-26,21.46,21.58,21.12,21.2,48600
1714,2012-11-23,21.5,21.57,21.4,21.46,13600
1715,2012-11-21,21.39,21.619,21.31,21.45,40900
1716,2012-11-20,21.69,21.799,21.37,21.47,40500
1717,2012-11-19,21.884,21.93,21.5,21.52,46000
1718,2012-11-16,21.26,21.7506,21.25,21.67,53300
1719,2012-11-15,21.42,21.5805,21.22,21.34,53100
1720,2012-11-14,21.95,21.95,21.38,21.51,33400
1721,2012-11-13,21.24,21.86,21.22,21.65,42300
1722,2012-11-12,21.19,21.52,21.13,21.34,23800
1723,2012-11-09,21.655,21.69,20.9,21.47,62700
1724,2012-11-08,21.9,21.962,21.6,21.7,26500
1725,2012-11-07,22.01,22.14,21.8,21.99,24100
1726,2012-11-06,22.23,22.39,22.19,22.22,12300
1727,2012-11-05,22.11,22.28,22.028,22.11,18600
1728,2012-11-02,22.2,22.51,22.02,22.11,65400
1729,2012-11-01,22.86,23.23,22.05,22.28,40500
1730,2012-10-31,22.4104,22.5,21.918,22.06,53900
1731,2012-10-26,22.36,22.73,22.36,22.53,31900
1732,2012-10-25,22.38,22.52,22.1,22.44,22200
1733,2012-10-24,22.8,22.8,22.25,22.33,29500
1734,2012-10-23,22.33,22.72,22.0777,22.72,42100
1735,2012-10-22,22.85,22.85,22.25,22.36,73100
1736,2012-10-19,23.1,23.1,22.55,22.901,48000
1737,2012-10-18,22.96,23.25,22.95,23.21,31900
1738,2012-10-17,23.13,23.23,22.9,23.2,35500
1739,2012-10-16,22.98,23.16,22.923,23.02,21200
1740,2012-10-15,23.07,23.23,22.5,22.95,38600
1741,2012-10-12,23.01,23.12,22.63,23.07,49300
1742,2012-10-11,23.0,23.52,22.94,23.11,39600
1743,2012-10-10,23.2,23.26,22.866,22.99,26700
1744,2012-10-09,22.42,23.29,22.24,23.18,68800
1745,2012-10-08,22.36,22.58,22.25,22.47,25600
1746,2012-10-05,22.51,22.69,22.325,22.36,33300
1747,2012-10-04,22.2,22.86,22.14,22.65,49900
1748,2012-10-03,22.28,22.39,22.12,22.25,51400
1749,2012-10-02,22.02,22.29,22.0199,22.16,17500
1750,2012-10-01,22.15,22.34,22.01,22.01,32600
1751,2012-09-28,22.07,22.29,21.99,22.05,36800
1752,2012-09-27,22.08,22.3889,22.03,22.04,22500
1753,2012-09-26,22.0108,22.19,21.93,22.04,48600
1754,2012-09-25,22.19,22.39,22.11,22.19,33800
1755,2012-09-24,22.2,22.28,22.11,22.15,27800
1756,2012-09-21,22.2,22.3689,22.2,22.2,28100
1757,2012-09-20,22.1,22.33,22.09,22.19,23300
1758,2012-09-19,22.23,22.35,22.1,22.24,13600
1759,2012-09-18,22.1,22.279,22.1,22.23,38500
1760,2012-09-17,22.0,22.329,22.0,22.13,48500
1761,2012-09-14,21.81,22.39,21.81,22.19,86600
1762,2012-09-13,21.85,21.98,21.771,21.9,77500
1763,2012-09-12,21.95,22.069,21.86,21.95,56700
1764,2012-09-11,21.93,22.08,21.7793,21.95,49600
1765,2012-09-10,21.92,22.07,21.78,22.06,37000
1766,2012-09-07,21.88,22.08,21.761,22.07,46400
1767,2012-09-06,21.8606,22.2,21.74,22.01,85300
1768,2012-09-05,22.0,22.2697,21.89,21.92,51400
1769,2012-09-04,21.91,22.44,21.87,22.11,34700
1770,2012-08-31,21.95,22.05,21.85,21.94,32000
1771,2012-08-30,22.0,22.079,21.76,22.0,26900
1772,2012-08-29,22.18,22.2,21.7,22.18,56400
1773,2012-08-28,22.0,22.2581,22.0,22.1,20300
1774,2012-08-27,22.18,22.18,21.83,22.08,37800
1775,2012-08-24,21.83,22.1,21.7501,22.04,23600
1776,2012-08-23,21.87,21.99,21.73,21.91,33500
1777,2012-08-22,21.84,22.09,21.7,21.92,40900
1778,2012-08-21,21.77,22.1,21.68,21.76,46500
1779,2012-08-20,21.9097,22.22,21.84,21.9,39700
1780,2012-08-17,22.22,22.22,21.9,22.05,31400
1781,2012-08-16,22.24,22.42,22.008,22.13,22900
1782,2012-08-15,22.07,22.39,21.96,22.26,26700
1783,2012-08-14,22.54,22.574,21.9,22.26,27700
1784,2012-08-13,22.33,22.549,22.33,22.43,9300
1785,2012-08-10,22.5,22.56,22.25,22.56,9300
1786,2012-08-09,22.19,22.6,22.16,22.43,20500
1787,2012-08-08,22.3,22.54,22.13,22.16,21000
1788,2012-08-07,22.08,22.48,22.02,22.35,28800
1789,2012-08-06,21.71,22.745,21.71,22.1,44800
1790,2012-08-03,22.37,22.5,21.69,21.79,59400
1791,2012-08-02,22.4,22.41,21.67,22.05,33300
1792,2012-08-01,22.06,22.233,21.85,22.03,9200
1793,2012-07-31,22.72,22.76,22.0,22.1,36800
1794,2012-07-30,22.62,22.75,22.37,22.55,25400
1795,2012-07-27,22.43,22.62,22.2,22.38,46000
1796,2012-07-26,22.71,22.8,22.425,22.48,19400
1797,2012-07-25,22.8,22.8,22.44,22.53,28100
1798,2012-07-24,22.57,22.78,22.4,22.62,51200
1799,2012-07-23,22.65,22.69,22.51,22.61,27300
1800,2012-07-20,22.66,22.85,22.45,22.66,18400
1801,2012-07-19,22.3,22.83,22.3,22.66,58200
1802,2012-07-18,22.6,22.84,22.43,22.7,63800
1803,2012-07-17,22.42,22.6,22.26,22.48,34800
1804,2012-07-16,22.1,22.59,21.87,22.31,36100
1805,2012-07-13,22.21,22.29,22.02,22.16,38700
1806,2012-07-12,21.8,22.05,21.61,22.03,44000
1807,2012-07-11,21.64,21.97,21.62,21.87,28800
1808,2012-07-10,21.94,22.009,21.65,21.66,23300
1809,2012-07-09,21.65,22.08,21.65,21.82,30600
1810,2012-07-06,21.66,22.0,21.66,21.79,18000
1811,2012-07-05,22.0,22.23,21.711,21.94,64300
1812,2012-07-03,21.95,22.05,21.92,22.0,80300
1813,2012-07-02,21.6,22.0,21.56,21.78,33900
1814,2012-06-29,22.0,22.27,21.76,21.95,60500
1815,2012-06-28,21.76,22.0,21.7,21.8,27000
1816,2012-06-27,21.61,21.89,21.51,21.68,60300
1817,2012-06-26,21.5,21.65,21.3,21.59,48300
1818,2012-06-25,21.83,21.83,21.5,21.62,30500
1819,2012-06-22,21.51,22.002,21.4999,21.875,38200
1820,2012-06-21,21.8015,21.8,21.29,21.58,33500
1821,2012-06-20,21.6,22.09,21.4991,21.84,59300
1822,2012-06-19,20.72,21.93,20.632,21.645,99500
1823,2012-06-18,20.34,20.89,20.14,20.72,72500
1824,2012-06-15,20.0,20.33,19.9,20.07,70900
1825,2012-06-14,20.12,20.28,19.8691,20.01,103400
1826,2012-06-13,20.25,20.4,20.1,20.17,61600
1827,2012-06-12,20.4,20.4,20.07,20.37,87300
1828,2012-06-11,20.89,21.02,20.0,20.33,193900
1829,2012-06-08,21.05,21.6,20.5506,20.95,63900
1830,2012-06-07,22.0,22.18,21.1,21.28,55300
1831,2012-06-06,21.63,22.09,21.08,21.94,58200
1832,2012-06-05,21.121,21.68,20.97,21.68,46600
1833,2012-06-04,21.01,21.26,20.8,21.12,51000
1834,2012-06-01,21.03,21.63,20.85,21.12,98300
1835,2012-05-31,22.08,22.08,21.4,21.51,77100
1836,2012-05-30,22.1,22.509,21.91,22.16,68600
1837,2012-05-29,22.08,22.61,22.08,22.35,50900
1838,2012-05-25,22.09,22.26,21.76,22.07,37000
1839,2012-05-24,22.29,22.5,21.94,22.15,47400
1840,2012-05-23,22.75,22.9,22.11,22.35,59000
1841,2012-05-22,22.89,23.3,22.78,22.81,32000
1842,2012-05-21,22.79,23.0188,22.76,22.97,27800
1843,2012-05-18,22.8,23.06,22.7591,22.801,24500
1844,2012-05-17,23.02,23.223,22.75,22.79,35100
1845,2012-05-16,22.78,23.2,22.71,23.06,61400
1846,2012-05-15,23.24,23.24,22.58,22.78,79000
1847,2012-05-14,23.75,23.86,23.16,23.24,44900
1848,2012-05-11,23.86,23.99,23.76,23.79,18700
1849,2012-05-10,23.54,23.9,23.5,23.9,14000
1850,2012-05-09,23.21,23.505,23.13,23.36,28000
1851,2012-05-08,23.28,23.679,23.11,23.4,31400
1852,2012-05-07,23.75,23.75,23.1,23.39,45000
1853,2012-05-04,23.55,23.99,23.4,23.91,27500
1854,2012-05-03,24.0,24.0,23.52,23.6,45000
1855,2012-05-02,23.6,23.849,23.325,23.81,29700
1856,2012-05-01,23.64,23.85,23.355,23.68,28000
1857,2012-04-30,23.44,23.63,23.35,23.61,32000
1858,2012-04-27,23.45,23.5,23.16,23.35,55600
1859,2012-04-26,23.55,23.62,23.25,23.49,45700
1860,2012-04-25,23.51,23.5895,23.26,23.44,47200
1861,2012-04-24,23.55,23.582,23.25,23.39,45800
1862,2012-04-23,23.69,23.849,23.45,23.55,119400
1863,2012-04-20,23.74,23.829,23.568,23.68,61000
1864,2012-04-19,24.2,24.249,23.7,23.7,118000
1865,2012-04-18,24.6,25.0,24.5992,24.78,241700
1866,2012-04-17,25.72,25.89,25.56,25.73,49800
1867,2012-04-16,25.37,25.82,25.2,25.56,29400
1868,2012-04-13,25.51,25.72,24.95,25.21,36900
1869,2012-04-12,24.9,26.08,24.9,25.49,89400
1870,2012-04-11,25.01,25.165,24.6,24.92,51100
1871,2012-04-10,25.15,25.28,24.82,24.86,61700
1872,2012-04-09,25.45,25.7092,25.02,25.02,37100
1873,2012-04-05,26.05,26.12,25.5611,25.71,30100
1874,2012-04-04,24.92,26.13,24.92,26.13,63600
1875,2012-04-03,25.99,25.99,25.21,25.31,39700
1876,2012-04-02,26.12,26.12,25.49,26.06,45200
1877,2012-03-30,24.96,26.26,24.85,26.25,104000
1878,2012-03-29,24.8,24.971,24.8,24.93,23400
1879,2012-03-28,24.98,25.15,24.633,24.84,44500
1880,2012-03-27,25.0,25.191,24.8,24.81,44800
1881,2012-03-26,26.0,26.0,25.0,25.07,54800
1882,2012-03-23,25.41,25.66,25.31,25.65,33200
1883,2012-03-22,25.2201,25.66,24.95,25.46,63000
1884,2012-03-21,25.05,25.4,25.03,25.3,41100
1885,2012-03-20,24.59,25.13,24.34,25.05,87500
1886,2012-03-19,24.15,24.71,24.111,24.61,52200
1887,2012-03-16,24.08,24.28,24.08,24.16,27500
1888,2012-03-15,24.21,24.21,24.07,24.07,59300
1889,2012-03-14,24.2,24.53,24.09,24.23,91800
1890,2012-03-13,24.29,24.427,24.16,24.21,81100
1891,2012-03-12,24.5,24.75,24.08,24.27,110100
1892,2012-03-09,24.64,25.135,24.47,24.47,70800
1893,2012-03-08,24.76,24.9,24.473,24.76,56400
1894,2012-03-07,24.63,24.91,24.45,24.58,62900
1895,2012-03-06,25.71,25.71,24.512,24.71,79200
1896,2012-03-05,25.95,26.11,25.6314,25.82,58400
1897,2012-03-02,26.03,26.6,25.52,26.04,191800
1898,2012-03-01,24.84,26.24,24.84,26.08,152300
1899,2012-02-29,24.55,25.6003,24.07,24.61,240000
1900,2012-02-28,23.79,24.66,23.761,24.4,119300
1901,2012-02-27,23.41,24.04,23.16,23.64,125700
1902,2012-02-24,23.22,23.458,23.15,23.35,48900
1903,2012-02-23,23.4884,23.61,23.06,23.22,104500
1904,2012-02-22,23.361,23.688,22.9,23.36,85400
1905,2012-02-21,23.2503,23.46,23.17,23.17,66800
1906,2012-02-17,23.13,23.7,23.0,23.2,133700
1907,2012-02-16,22.89,23.52,22.713,23.03,134800
1908,2012-02-15,22.51,22.8,22.45,22.79,41600
1909,2012-02-14,22.69,22.76,22.37,22.51,92100
1910,2012-02-13,22.87,23.07,22.55,22.61,80100
1911,2012-02-10,22.84,23.0,22.6,22.8,59700
1912,2012-02-09,22.89,22.9799,22.64,22.83,115000
1913,2012-02-08,23.03,23.3199,22.52,22.81,124600
1914,2012-02-07,22.46,23.162,22.3,22.96,134200
1915,2012-02-06,22.15,22.5,22.15,22.49,77700
1916,2012-02-03,22.0,22.2,21.972,22.13,87000
1917,2012-02-02,22.24,22.42,21.93,21.93,232900
1918,2012-02-01,22.25,22.5,22.0,22.02,49200
1919,2012-01-31,22.22,22.238,22.0217,22.06,50100
1920,2012-01-30,22.36,22.38,22.02,22.11,75800
1921,2012-01-27,22.3,22.43,22.09,22.337,114100
1922,2012-01-26,22.75,22.75,22.13,22.31,87000
1923,2012-01-25,22.72,22.75,22.52,22.58,76200
1924,2012-01-24,22.59,22.83,22.59,22.67,44000
1925,2012-01-23,22.27,22.86,22.17,22.76,76500
1926,2012-01-20,22.01,22.2,21.86,22.14,53600
1927,2012-01-19,22.39,22.39,21.8,22.08,80400
1928,2012-01-18,22.55,22.85,22.54,22.65,80900
1929,2012-01-17,22.49,22.7,22.41,22.54,68800
1930,2012-01-13,22.52,22.77,22.36,22.41,56800
1931,2012-01-12,23.09,23.09,22.3,22.5,86700
1932,2012-01-11,23.01,23.11,22.8,23.0,52400
1933,2012-01-10,23.15,23.16,23.0,23.06,41300
1934,2012-01-09,23.09,23.26,22.9,23.0,31500
1935,2012-01-06,23.19,23.26,23.01,23.09,500400
1936,2012-01-05,23.23,23.2297,23.0,23.06,65700
1937,2012-01-04,23.0,23.29,22.93,23.23,32900
1938,2012-01-03,23.11,23.24,22.796,22.9,83500
1939,2011-12-30,22.73,23.23,22.6497,22.66,76500
1940,2011-12-29,22.91,23.09,22.63,22.74,61300
1941,2011-12-28,23.36,23.4808,22.81,23.01,52400
1942,2011-12-27,23.54,23.73,23.29,23.4,61800
1943,2011-12-23,23.69,23.71,23.3003,23.51,35400
1944,2011-12-22,22.65,23.59,22.64,23.5,92500
1945,2011-12-21,22.34,22.719,22.08,22.6,32000
1946,2011-12-20,22.04,22.49,22.0,22.31,54000
1947,2011-12-19,22.4,22.6,21.9,21.9,81200
1948,2011-12-16,21.9,22.47,21.89,22.38,70700
1949,2011-12-15,22.03,22.08,21.81,21.87,72700
1950,2011-12-14,22.15,22.2,21.84,21.86,92800
1951,2011-12-13,22.24,22.717,22.13,22.22,115200
1952,2011-12-12,22.15,22.29,21.95,22.29,80400
1953,2011-12-09,22.1,22.32,21.91,22.27,76100
1954,2011-12-08,22.04,22.25,21.81,22.09,86400
1955,2011-12-07,22.12,22.21,21.8,22.06,82500
1956,2011-12-06,22.21,22.34,22.0,22.26,79400
1957,2011-12-05,21.99,22.2309,21.76,22.14,170000
1958,2011-12-02,21.99,22.25,21.81,21.92,196100
1959,2011-12-01,22.53,22.629,21.95,21.96,131300
1960,2011-11-30,22.58,22.85,22.25,22.44,71500
1961,2011-11-29,22.3,22.499,21.95,22.067,126900
1962,2011-11-28,22.63,23.49,22.04,22.3,112600
1963,2011-11-25,22.7,22.76,21.78,22.12,123300
1964,2011-11-23,23.17,23.431,22.74,22.82,75100
1965,2011-11-22,23.57,23.67,23.2,23.42,49100
1966,2011-11-21,23.5,23.77,23.2,23.55,86600
1967,2011-11-18,23.97,24.36,23.62,23.83,83600
1968,2011-11-17,24.46,24.5,23.88,24.02,75600
1969,2011-11-16,24.19,24.86,24.04,24.39,49300
1970,2011-11-15,24.5,24.71,23.93,24.36,178300
1971,2011-11-14,24.55,24.727,24.5,24.53,53400
1972,2011-11-11,24.54,24.69,24.41,24.64,52800
1973,2011-11-10,24.5,24.6966,24.31,24.4,69600
1974,2011-11-09,24.35,24.615,24.03,24.27,59600
1975,2011-11-08,24.72,24.89,24.27,24.64,102300
1976,2011-11-07,24.8,24.88,24.36,24.73,63600
1977,2011-11-04,24.03,24.9739,24.03,24.65,98100
1978,2011-11-03,25.04,25.125,23.91,24.15,187300
1979,2011-11-02,24.34,24.45,24.0,24.16,106200
1980,2011-11-01,24.04,24.71,23.97,24.13,51900
1981,2011-10-31,24.6,25.18,24.55,24.55,45000
1982,2011-10-28,24.98,25.2145,24.64,24.99,53900
1983,2011-10-27,25.58,25.58,24.74,25.25,80500
1984,2011-10-26,24.87,25.26,24.5,25.06,28100
1985,2011-10-25,24.96,25.08,24.51,24.76,40800
1986,2011-10-24,25.26,25.4,25.0,25.06,42400
1987,2011-10-21,25.0,25.5809,24.76,25.15,32700
1988,2011-10-20,24.73,25.1009,24.34,24.91,26800
1989,2011-10-19,25.39,25.7,25.0,25.17,85700
1990,2011-10-18,25.21,25.68,24.78,25.21,103800
1991,2011-10-17,25.6,25.718,25.1106,25.16,67400
1992,2011-10-14,25.02,25.76,24.97,25.62,90000
1993,2011-10-13,24.74,25.04,24.6,25.03,36500
1994,2011-10-12,24.99,25.2,24.69,24.9,60300
1995,2011-10-11,24.53,24.958,24.36,24.9,92200
1996,2011-10-10,24.28,24.72,24.26,24.65,44600
1997,2011-10-07,24.49,24.496,23.88,24.11,50500
1998,2011-10-06,24.18,24.49,24.01,24.32,73800
1999,2011-10-05,23.2,24.383,23.0,24.27,57600
2000,2011-10-04,23.01,23.26,22.5,23.247,146000
2001,2011-10-03,23.68,23.86,23.08,23.08,94200
2002,2011-09-30,23.5,24.169,23.5,23.78,27600
2003,2011-09-29,23.95,24.13,23.54,23.76,48000
2004,2011-09-28,24.14,24.21,23.6,23.66,44400
2005,2011-09-27,23.63,24.352,23.53,24.01,78700
2006,2011-09-26,23.11,23.54,22.9,23.44,74600
2007,2011-09-23,23.47,23.639,22.9,22.91,263500
2008,2011-09-22,23.59,24.31,23.0,23.17,85600
2009,2011-09-21,24.22,24.389,23.75,23.87,49600
2010,2011-09-20,24.34,24.74,24.04,24.13,75100
2011,2011-09-19,23.7,24.43,23.31,24.23,126000
2012,2011-09-16,23.57,23.57,23.28,23.51,56000
2013,2011-09-15,23.5,23.625,23.132,23.55,134000
2014,2011-09-14,23.51,23.51,23.03,23.29,125800
2015,2011-09-13,23.3,23.61,22.96,23.33,129800
2016,2011-09-12,23.3,23.45,22.77,23.35,124600
2017,2011-09-09,23.4,23.45,22.91,23.42,83300
2018,2011-09-08,23.81,23.81,23.4,23.52,60800
2019,2011-09-07,23.8997,23.98,23.41,23.92,68400
2020,2011-09-06,23.5303,23.97,23.1,23.65,68600
2021,2011-09-02,24.19,24.31,24.02,24.06,37300
2022,2011-09-01,24.98,25.13,24.31,24.5,27200
2023,2011-08-31,25.33,25.394,24.71,24.88,67500
2024,2011-08-30,25.1689,25.25,24.773,25.22,17500
2025,2011-08-29,24.78,25.25,24.78,25.19,48400
2026,2011-08-26,24.58,24.763,24.4,24.63,21500
2027,2011-08-25,24.58,24.77,24.26,24.5,32100
2028,2011-08-24,24.71,24.9,24.3,24.52,45700
2029,2011-08-23,24.57,24.97,24.3,24.81,444200
2030,2011-08-22,24.98,24.98,24.25,24.54,48800
2031,2011-08-19,24.39,24.91,24.2,24.6,44500
2032,2011-08-18,24.6,25.2,24.0,24.6,85400
2033,2011-08-17,25.27,25.338,24.84,25.215,77100
2034,2011-08-16,25.41,25.5,24.88,24.99,18100
2035,2011-08-15,24.49,25.35,24.49,25.32,38300
2036,2011-08-12,25.07,25.2,24.31,24.52,34300
2037,2011-08-11,23.55,24.85,23.35,24.68,53800
2038,2011-08-10,24.1,24.49,23.41,23.62,53300
2039,2011-08-09,22.52,24.57,22.5,23.89,67500
2040,2011-08-08,23.16,23.67,20.81,22.7,169000
2041,2011-08-05,24.83,25.36,23.6,24.91,94500
2042,2011-08-04,26.52,26.52,24.65,24.76,80200
2043,2011-08-03,25.8,27.168,25.0984,25.64,51600
2044,2011-08-02,26.07,26.53,25.78,25.81,32500
2045,2011-08-01,26.66,26.74,25.94,26.19,58200
2046,2011-07-29,26.0776,26.5,26.0,26.19,41700
2047,2011-07-28,26.34,26.59,26.1,26.22,46100
2048,2011-07-27,26.83,26.83,26.2521,26.54,54300
2049,2011-07-26,27.25,27.31,26.791,27.02,34900
2050,2011-07-25,27.2113,27.49,27.12,27.36,16500
2051,2011-07-22,27.49,27.49,27.12,27.42,12800
2052,2011-07-21,27.3,27.55,27.27,27.51,15600
2053,2011-07-20,28.0,28.0,27.55,27.75,26200
2054,2011-07-19,27.61,27.98,27.4061,27.68,26300
2055,2011-07-18,27.7,28.16,27.5,27.53,27600
2056,2011-07-15,27.5,28.06,27.5007,27.79,53000
2057,2011-07-14,28.0,28.15,26.77,27.01,108300
2058,2011-07-13,27.9,28.136,27.76,27.9,74400
2059,2011-07-12,27.54,28.29,27.11,27.9,45600
2060,2011-07-11,27.59,27.964,27.42,27.769,32400
2061,2011-07-08,27.5,28.08,27.5,27.721,24900
2062,2011-07-07,27.35,28.128,27.24,27.71,50000
2063,2011-07-06,27.0,27.35,26.8,27.14,27800
2064,2011-07-05,26.85,27.157,26.51,27.06,56100
2065,2011-07-01,26.82,26.98,26.52,26.86,9400
2066,2011-06-30,26.83,27.06,26.65,26.91,19000
2067,2011-06-29,26.69,26.78,26.27,26.67,13200
2068,2011-06-28,26.03,26.589,26.03,26.5,24300
2069,2011-06-27,25.98,26.22,25.96,26.03,30300
2070,2011-06-24,26.4,26.66,25.97,26.12,13700
2071,2011-06-23,26.3,26.38,26.02,26.38,24700
2072,2011-06-22,26.64,26.95,26.51,26.61,5500
2073,2011-06-21,26.21,26.94,26.21,26.66,69300
2074,2011-06-20,26.06,26.78,26.06,26.28,73500
2075,2011-06-17,26.08,26.349,25.66,26.05,50400
2076,2011-06-16,25.37,26.076,25.33,25.88,38200
2077,2011-06-15,25.5,25.62,25.25,25.4,57900
2078,2011-06-14,25.46,26.062,25.46,25.65,57100
2079,2011-06-13,25.91,26.0,25.18,25.45,72800
2080,2011-06-10,26.26,26.74,25.88,26.03,56300
2081,2011-06-09,25.82,26.4,25.77,26.25,45900
2082,2011-06-08,26.1505,26.55,25.82,25.86,93400
2083,2011-06-07,26.88,26.88,26.05,26.26,67400
2084,2011-06-06,27.09,27.217,26.08,26.52,93800
2085,2011-06-03,27.0,27.2,26.9023,27.07,17000
2086,2011-06-02,27.05,27.15,26.9,27.005,33200
2087,2011-06-01,27.72,27.72,26.9027,27.09,150000
2088,2011-05-31,27.91,27.9318,27.3,27.7,36500
2089,2011-05-27,27.49,27.93,27.438,27.859,46300
2090,2011-05-26,27.3,27.75,27.26,27.49,26900
2091,2011-05-25,27.33,27.627,27.2,27.52,40400
2092,2011-05-24,27.41,27.7,26.95,27.38,72500
2093,2011-05-23,27.43,27.76,26.87,27.4,85400
2094,2011-05-20,27.51,27.77,27.3729,27.62,18400
2095,2011-05-19,27.4393,27.9,27.43,27.55,19600
2096,2011-05-18,27.17,27.95,27.1,27.43,66100
2097,2011-05-17,27.8,27.8,27.06,27.11,112300
2098,2011-05-16,28.04,28.59,27.8,27.82,19700
2099,2011-05-13,27.5,28.422,27.45,28.25,48000
2100,2011-05-12,27.9,28.38,27.06,27.5,58800
2101,2011-05-11,27.83,28.27,27.57,27.83,90900
2102,2011-05-10,28.26,28.28,27.84,28.095,27100
2103,2011-05-09,27.82,28.47,27.6,28.15,42000
2104,2011-05-06,27.33,28.6,27.33,27.9,31000
2105,2011-05-05,27.99,28.24,26.94,27.32,80400
2106,2011-05-04,28.15,28.59,27.67,27.97,110400
2107,2011-05-03,28.46,28.63,28.115,28.25,52000
2108,2011-05-02,28.88,28.89,28.45,28.59,27000
2109,2011-04-29,28.6,28.85,28.4,28.85,33000
2110,2011-04-28,28.51,28.89,28.36,28.65,17000
2111,2011-04-27,28.84,28.84,28.3188,28.64,22000
2112,2011-04-26,28.38,28.88,28.16,28.54,65700
2113,2011-04-25,28.54,28.882,28.1,28.39,65400
2114,2011-04-21,28.63,28.9,28.01,28.68,51400
2115,2011-04-20,28.7,29.28,28.56,28.63,48000
2116,2011-04-19,28.29,29.269,28.29,29.08,83900
2117,2011-04-18,28.4,28.49,27.9991,28.25,18900
2118,2011-04-15,28.5,28.788,28.271,28.55,15900
2119,2011-04-14,27.79,28.69,27.55,28.58,43100
2120,2011-04-13,27.46,28.13,27.46,27.64,79200
2121,2011-04-12,28.02,28.092,27.3,27.4,363700
2122,2011-04-11,28.86,29.01,28.07,28.2,53500
2123,2011-04-08,29.02,29.02,28.59,28.84,23900
2124,2011-04-07,28.7706,29.2,28.582,28.79,37900
2125,2011-04-06,29.13,29.27,28.85,28.85,27800
2126,2011-04-05,29.34,29.74,28.981,29.2,32600
2127,2011-04-04,29.43,29.87,29.152,29.298,19400
2128,2011-04-01,29.5,30.09,29.11,29.25,84500
2129,2011-03-31,28.76,29.24,28.5994,29.24,29600
2130,2011-03-30,28.89,29.129,28.4806,28.81,28700
2131,2011-03-29,28.36,29.15,28.34,28.9,37700
2132,2011-03-28,28.66,28.94,28.391,28.56,26300
2133,2011-03-25,28.69,29.1,28.521,28.66,52700
2134,2011-03-24,28.85,29.2503,28.6,28.73,53600
2135,2011-03-23,27.89,28.59,27.89,28.47,40000
2136,2011-03-22,27.99,28.2,27.8022,28.07,50500
2137,2011-03-21,27.79,28.2,27.762,27.85,79200
2138,2011-03-18,27.49,27.79,27.4,27.41,331000
2139,2011-03-17,27.0,27.45,26.9996,27.3,52100
2140,2011-03-16,26.83,27.45,26.83,26.91,34400
2141,2011-03-15,26.6,27.257,26.6,26.91,39100
2142,2011-03-14,26.65,26.99,26.6,26.981,101100
2143,2011-03-11,26.6,27.04,26.6,26.84,13000
2144,2011-03-10,27.01,27.208,26.6,26.68,85400
2145,2011-03-09,27.35,27.47,27.0,27.31,78600
2146,2011-03-08,27.1601,27.35,27.16,27.23,43400
2147,2011-03-07,27.77,28.0,27.15,27.15,42300
2148,2011-03-04,27.24,27.99,27.21,27.77,41800
2149,2011-03-03,27.89,27.9,27.1,27.32,64500
2150,2011-03-02,27.0,27.75,27.0,27.65,43100
2151,2011-03-01,27.21,27.38,26.81,26.91,52100
2152,2011-02-28,27.41,27.55,27.03,27.13,74800
2153,2011-02-25,27.26,27.889,27.25,27.55,47200
2154,2011-02-24,27.29,27.727,26.99,27.26,51600
2155,2011-02-23,26.98,27.7999,26.978,27.15,79500
2156,2011-02-22,27.3,27.5,26.8,27.0,58500
2157,2011-02-18,27.5,27.688,27.12,27.23,35500
2158,2011-02-17,27.25,27.78,27.0,27.5,34800
2159,2011-02-16,27.19,27.65,27.01,27.21,30400
2160,2011-02-15,27.37,27.38,26.81,27.23,41100
2161,2011-02-14,27.21,27.66,27.1,27.35,33600
2162,2011-02-11,27.43,27.88,26.8,27.28,38400
2163,2011-02-10,27.49,27.789,27.07,27.41,53100
2164,2011-02-09,28.0497,28.13,27.31,27.4,40100
2165,2011-02-08,28.07,28.1,27.8,27.9,25100
2166,2011-02-07,28.06,28.3,27.9,27.9,44000
2167,2011-02-04,28.32,28.49,28.06,28.14,31500
2168,2011-02-03,28.5,28.5,28.01,28.22,35300
2169,2011-02-02,28.85,28.85,28.25,28.5,36900
2170,2011-02-01,28.5,28.98,28.26,28.8,61200
2171,2011-01-31,28.03,28.43,28.0,28.31,61800
2172,2011-01-28,27.59,28.0,27.571,27.73,36900
2173,2011-01-27,27.62,27.75,27.55,27.56,22500
2174,2011-01-26,27.05,27.72,27.05,27.46,44700
2175,2011-01-25,26.88,27.13,26.6523,27.03,108200
2176,2011-01-24,26.88,26.88,26.61,26.88,120400
2177,2011-01-21,25.9,26.5,25.9,26.25,46800
2178,2011-01-20,26.55,26.75,25.94,25.95,449100
2179,2011-01-19,27.44,27.524,26.85,26.95,77900
2180,2011-01-18,28.0,28.008,27.31,27.49,54900
2181,2011-01-14,27.5,28.22,27.5,27.67,53200
2182,2011-01-13,28.2,28.4,27.66,27.95,61300
2183,2011-01-12,28.43,28.43,28.02,28.16,50100
2184,2011-01-11,27.75,28.3987,27.65,28.05,80100
2185,2011-01-10,27.05,27.84,27.05,27.44,42300
2186,2011-01-07,26.97,27.27,26.84,27.06,31800
2187,2011-01-06,26.89,26.95,26.77,26.866,18700
2188,2011-01-05,26.68,27.04,26.5,26.99,48400
2189,2011-01-04,27.7371,27.74,26.852,27.12,29000
2190,2011-01-03,27.52,27.86,27.36,27.602,63200
2191,2010-12-31,27.33,27.5174,27.33,27.47,20600
2192,2010-12-30,27.37,27.469,27.33,27.45,29100
2193,2010-12-29,27.27,27.483,27.21,27.33,18000
2194,2010-12-28,26.87,27.35,26.79,27.27,70000
2195,2010-12-27,26.54,27.09,26.31,26.78,60400
2196,2010-12-23,26.11,26.53,26.11,26.46,30200
2197,2010-12-22,26.06,26.44,26.0,26.18,72500
2198,2010-12-21,25.71,26.2,25.69,26.17,82100
2199,2010-12-20,25.2579,26.3,25.25,25.79,122200
2200,2010-12-17,25.77,25.845,25.0,25.0,898400
2201,2010-12-16,26.2,26.21,25.78,25.88,82300
2202,2010-12-15,26.61,26.62,25.7482,26.21,169800
2203,2010-12-14,26.62,26.855,26.62,26.65,42300
2204,2010-12-13,27.0,27.09,26.5,26.62,100300
2205,2010-12-10,26.64,27.278,26.52,26.85,76800
2206,2010-12-09,26.75,26.98,26.51,26.54,49600
2207,2010-12-08,26.75,26.98,26.67,26.79,38400
2208,2010-12-07,27.02,27.17,26.55,26.75,57200
2209,2010-12-06,27.25,27.41,26.6773,26.73,47300
2210,2010-12-03,27.6,27.625,26.72,27.18,50700
2211,2010-12-02,27.1999,27.98,27.2,27.51,38900
2212,2010-12-01,27.19,27.56,27.19,27.25,37300
2213,2010-11-30,26.68,27.399,26.68,27.19,36600
2214,2010-11-29,26.9,27.35,26.66,27.07,54800
2215,2010-11-26,27.501,27.55,26.85,26.92,45000
2216,2010-11-24,27.97,27.97,27.51,27.55,23800
2217,2010-11-23,27.9,28.0,27.49,27.81,53500
2218,2010-11-22,27.79,28.095,27.5,27.9,39000
2219,2010-11-19,26.9,27.87,26.75,27.5,30900
2220,2010-11-18,27.12,27.39,26.6,27.04,72300
2221,2010-11-17,27.595,27.595,26.8,26.85,37400
2222,2010-11-16,27.45,27.53,27.0,27.04,40100
2223,2010-11-15,27.94,28.32,27.48,27.57,42900
2224,2010-11-12,27.95,28.85,27.26,27.72,65100
2225,2010-11-11,28.3,29.19,28.17,28.37,49000
2226,2010-11-10,28.25,28.56,28.03,28.45,38500
2227,2010-11-09,28.73,28.89,28.07,28.25,105100
2228,2010-11-08,27.62,28.5117,27.47,28.48,682100
2229,2010-11-05,28.0,28.0,27.27,27.83,65500
2230,2010-11-04,27.84,27.88,27.33,27.562,46400
2231,2010-11-03,26.84,27.41,26.84,27.4,28600
2232,2010-11-02,26.88,27.2,26.54,27.02,32700
2233,2010-11-01,26.81,27.08,26.626,26.64,23200
2234,2010-10-29,26.36,26.56,26.2,26.55,22600
2235,2010-10-28,26.2,26.55,26.12,26.4,35100
2236,2010-10-27,26.4992,26.5,26.09,26.21,42600
2237,2010-10-26,26.6498,26.65,26.146,26.2,37300
2238,2010-10-25,27.0,27.28,26.5,26.65,33200
2239,2010-10-22,27.14,27.2835,26.53,26.82,29400
2240,2010-10-21,27.5,27.692,26.2,26.89,58100
2241,2010-10-20,27.64,28.28,27.6294,27.96,40100
2242,2010-10-19,28.1583,28.559,27.64,27.75,41300
2243,2010-10-18,28.63,29.4,28.08,28.46,55900
2244,2010-10-15,28.98,29.42,28.64,28.7,47500
2245,2010-10-14,28.54,28.71,28.23,28.64,31700
2246,2010-10-13,27.95,28.49,27.81,28.2,33000
2247,2010-10-12,27.94,27.94,27.71,27.8,16600
2248,2010-10-11,27.65,27.9396,27.65,27.78,33800
2249,2010-10-08,27.21,27.63,27.21,27.629,30900
2250,2010-10-07,27.6,27.6,27.05,27.37,18700
2251,2010-10-06,27.45,27.75,27.36,27.57,32000
2252,2010-10-05,27.2001,27.74,27.15,27.35,45200
2253,2010-10-04,27.16,27.32,26.96,26.97,22300
2254,2010-10-01,26.86,27.21,26.86,27.01,38600
2255,2010-09-30,26.84,27.1,26.8,26.89,47700
2256,2010-09-29,25.86,26.86,25.86,26.66,44500
2257,2010-09-28,25.75,26.13,25.611,26.02,42300
2258,2010-09-27,25.72,25.73,25.54,25.66,29700
2259,2010-09-24,25.23,25.7,25.2295,25.48,29800
2260,2010-09-23,25.6706,25.74,25.03,25.23,49300
2261,2010-09-22,25.24,25.8978,25.201,25.38,51800
2262,2010-09-21,25.34,25.75,25.25,25.57,30900
2263,2010-09-20,25.0,25.8,25.0,25.48,48000
2264,2010-09-17,24.81,25.0,24.751,24.91,91200
2265,2010-09-16,24.57,24.7603,24.55,24.66,28300
2266,2010-09-15,24.14,24.729,24.03,24.5,94700
2267,2010-09-14,24.0,24.26,23.9613,24.0,59300
2268,2010-09-13,24.37,24.695,24.0,24.01,69900
2269,2010-09-10,24.0,24.12,23.94,24.06,70500
2270,2010-09-09,23.85,24.09,23.85,24.07,90800
2271,2010-09-08,23.7,24.08,23.7,23.91,60600
2272,2010-09-07,24.0,24.05,23.66,23.71,73900
2273,2010-09-03,24.1,24.506,24.0,24.03,118400
2274,2010-09-02,24.2086,24.4,24.0,24.24,77400
2275,2010-09-01,24.24,24.63,24.15,24.37,41200
2276,2010-08-31,24.2006,24.38,24.05,24.21,115500
2277,2010-08-30,24.43,24.47,24.08,24.21,61100
2278,2010-08-27,24.3,24.62,24.24,24.58,45600
2279,2010-08-26,24.58,24.937,24.32,24.5,33900
2280,2010-08-25,24.79,25.0,24.3291,24.77,65200
2281,2010-08-24,25.39,25.75,24.995,25.05,37600
2282,2010-08-23,24.96,25.51,24.93,24.93,33800
2283,2010-08-20,24.9,25.12,24.78,25.02,39100
2284,2010-08-19,25.13,25.32,24.87,25.06,35400
2285,2010-08-18,25.25,25.64,25.1,25.3,30000
2286,2010-08-17,25.49,25.688,25.12,25.4,72900
2287,2010-08-16,25.05,25.5,25.0502,25.24,18200
2288,2010-08-13,25.1,25.65,25.022,25.05,70100
2289,2010-08-12,25.0299,25.365,25.0,25.08,58000
2290,2010-08-11,25.66,25.785,25.1,25.39,52400
2291,2010-08-10,26.12,26.2006,25.61,26.15,34800
2292,2010-08-09,26.99,27.01,26.34,26.5,18600
2293,2010-08-06,26.64,27.22,26.53,26.74,291100
2294,2010-08-05,25.88,27.3,25.88,26.64,32500
2295,2010-08-04,26.03,26.515,25.751,25.95,16800
2296,2010-08-03,25.44,26.41,25.44,26.11,35400
2297,2010-08-02,26.23,26.66,25.732,26.33,25200
2298,2010-07-30,25.81,26.25,25.66,25.98,19200
2299,2010-07-29,26.23,26.23,25.63,26.12,25500
2300,2010-07-28,26.55,26.55,25.97,26.03,46100
2301,2010-07-27,26.89,26.89,26.34,26.58,37400
2302,2010-07-26,26.98,26.98,26.67,26.8,41000
2303,2010-07-23,26.74,26.851,26.592,26.75,15300
2304,2010-07-22,26.75,26.94,26.55,26.75,35900
2305,2010-07-21,26.79,26.79,26.515,26.57,29700
2306,2010-07-20,26.36,26.91,26.36,26.6,25000
2307,2010-07-19,26.04,26.5,25.9,26.5,33200
2308,2010-07-16,26.375,26.375,25.8,26.07,21200
2309,2010-07-15,25.82,26.41,25.275,26.31,41700
2310,2010-07-14,26.02,26.7,25.88,25.88,67600
2311,2010-07-13,26.12,26.12,26.01,26.08,26400
2312,2010-07-12,26.12,26.12,25.84,25.95,34800
2313,2010-07-09,25.82,26.12,25.51,26.03,22600
2314,2010-07-08,25.5,25.9,25.2787,25.71,33300
2315,2010-07-07,25.05,25.5,25.05,25.47,20900
2316,2010-07-06,25.1007,25.5,25.02,25.02,28300
2317,2010-07-02,25.46,25.47,25.05,25.08,25200
2318,2010-07-01,25.55,25.698,25.0,25.4,37600
2319,2010-06-30,25.49,25.75,25.42,25.53,21500
2320,2010-06-29,25.5,25.939,25.33,25.4,33900
2321,2010-06-28,25.9,26.11,25.77,25.78,23100
2322,2010-06-25,26.16,26.19,25.87,26.0,24200
2323,2010-06-24,25.7996,26.16,25.56,25.74,24900
2324,2010-06-23,26.1,26.1,25.8,25.89,26600
2325,2010-06-22,26.95,26.95,26.13,26.2,25200
2326,2010-06-21,27.68,27.9499,26.5,26.82,51400
2327,2010-06-18,27.43,27.43,27.0102,27.13,25700
2328,2010-06-17,27.6,27.615,27.104,27.12,18100
2329,2010-06-16,27.1,27.7,26.97,27.33,40200
2330,2010-06-15,27.0,27.61,26.75,27.3,46500
2331,2010-06-14,26.09,26.9577,26.02,26.78,78700
2332,2010-06-11,25.25,25.99,25.2501,25.98,46200
2333,2010-06-10,25.7,25.845,25.3,25.5,66900
2334,2010-06-09,26.07,26.205,25.3,25.45,53900
2335,2010-06-08,25.45,26.01,25.25,25.63,64000
2336,2010-06-07,25.38,26.025,25.08,25.25,57600
2337,2010-06-04,25.75,25.75,25.14,25.39,81400
2338,2010-06-03,25.7207,26.25,25.58,26.17,89300
2339,2010-06-02,26.03,26.25,25.58,25.69,84800
2340,2010-06-01,25.7,26.28,25.35,26.04,54200
2341,2010-05-28,26.04,26.2,25.32,26.2,26600
2342,2010-05-27,25.96,26.235,25.745,26.04,40300
2343,2010-05-26,25.18,25.938,25.18,25.62,41300
2344,2010-05-25,25.73,25.73,25.0,25.18,88300
2345,2010-05-24,26.9086,26.98,25.57,25.85,50600
2346,2010-05-21,25.0,25.78,25.0,25.28,60100
2347,2010-05-20,25.01,25.23,24.58,25.0,188100
2348,2010-05-19,25.44,25.61,24.998,25.26,67600
2349,2010-05-18,26.06,26.38,25.33,25.73,42000
2350,2010-05-17,26.8,26.8,25.27,25.88,93400
2351,2010-05-14,26.84,27.0,26.52,26.71,47800
2352,2010-05-13,26.81,27.0,26.45,26.68,61600
2353,2010-05-12,26.21,26.99,26.0,26.54,70300
2354,2010-05-11,26.2,26.32,25.75,25.82,80000
2355,2010-05-10,27.57,27.57,26.157,26.38,67900
2356,2010-05-07,27.25,27.25,25.0701,25.56,131500
2357,2010-05-06,26.54,26.92,25.06,26.92,118300
2358,2010-05-05,28.09,28.09,26.21,26.4,97500
2359,2010-05-04,27.98,28.15,27.62,27.62,67500
2360,2010-05-03,27.89,28.0,27.48,27.9,91900
2361,2010-04-30,27.88,27.88,27.04,27.3,73200
2362,2010-04-29,26.74,28.07,26.701,27.27,137300
2363,2010-04-28,26.08,26.935,25.641,26.62,83800
2364,2010-04-27,26.5,26.9,25.15,25.9,139800
2365,2010-04-26,25.95,26.81,25.95,26.65,139300
2366,2010-04-23,25.95,25.95,25.668,25.94,37900
2367,2010-04-22,25.58,25.92,25.455,25.89,88200
2368,2010-04-21,25.64,25.75,25.15,25.36,64100
2369,2010-04-20,25.56,25.65,24.85,25.332,148600
2370,2010-04-19,25.54,25.8,24.0,24.58,442400
2371,2010-04-16,23.41,23.41,22.55,22.7,46200
2372,2010-04-15,23.37,23.675,23.22,23.22,25800
2373,2010-04-14,23.01,23.75,22.85,23.38,64000
2374,2010-04-13,23.53,23.6,22.69,22.95,35500
2375,2010-04-12,23.35,23.63,23.27,23.4,22900
2376,2010-04-09,23.27,23.5,22.85,23.35,26200
2377,2010-04-08,22.76,23.26,22.731,23.07,26400
2378,2010-04-07,22.82,23.41,22.511,23.07,41800
2379,2010-04-06,22.94,23.3,22.68,23.02,29600
2380,2010-04-05,22.24,23.1,22.09,22.76,55200
2381,2010-04-01,21.34,21.98,21.04,21.97,58100
2382,2010-03-31,21.0,21.31,20.96,21.18,38400
2383,2010-03-30,21.04,21.43,20.9917,20.99,22500
2384,2010-03-29,21.06,21.37,20.922,21.09,49000
2385,2010-03-26,21.28,21.38,21.001,21.08,72300
2386,2010-03-25,21.28,21.5,20.968,21.14,33900
2387,2010-03-24,21.6,21.898,21.15,21.32,39900
2388,2010-03-23,21.175,21.715,21.07,21.59,21000
2389,2010-03-22,20.55,21.46,20.5,21.155,51700
2390,2010-03-19,21.47,21.5,20.61,20.63,68400
2391,2010-03-18,21.66,21.66,21.48,21.48,14900
2392,2010-03-17,21.68,21.77,21.66,21.68,13300
2393,2010-03-16,21.66,21.75,21.4,21.66,30500
2394,2010-03-15,21.5,21.788,21.403,21.72,20000
2395,2010-03-12,21.3,21.79,21.25,21.65,26200
2396,2010-03-11,21.65,21.8,21.34,21.34,35300
2397,2010-03-10,21.6512,21.811,21.6,21.8,56700
2398,2010-03-09,21.23,21.8,21.23,21.49,50400
2399,2010-03-08,21.6,21.79,21.32,21.4,41400
2400,2010-03-05,21.41,21.9,21.24,21.77,60700
2401,2010-03-04,21.99,22.09,21.4,21.455,44300
2402,2010-03-03,22.07,22.32,21.67,21.8,62000
2403,2010-03-02,22.19,22.42,21.27,21.82,58600
2404,2010-03-01,22.3408,22.96,21.75,21.91,64600
2405,2010-02-26,22.0,22.58,21.57,22.32,49200
2406,2010-02-25,20.65,21.44,20.65,21.305,24100
2407,2010-02-24,21.07,21.37,20.61,21.07,84400
2408,2010-02-23,22.21,22.21,21.0,21.25,96100
2409,2010-02-22,22.5,22.5,21.92,21.95,62000
2410,2010-02-19,22.8211,22.82,22.23,22.23,18600
2411,2010-02-18,22.42,22.96,22.42,22.69,21800
2412,2010-02-17,21.86,22.879,21.86,22.838,34100
2413,2010-02-16,21.37,21.97,21.37,21.91,43200
2414,2010-02-12,21.24,21.61,21.24,21.5,49900
2415,2010-02-11,21.22,21.63,21.22,21.47,74600
2416,2010-02-10,21.5,21.5,21.22,21.35,52800
2417,2010-02-09,21.23,21.6005,21.23,21.5,63000
2418,2010-02-08,21.265,21.475,21.26,21.3,29100
2419,2010-02-05,22.22,22.5,20.74,21.62,57500
2420,2010-02-04,22.65,22.84,21.88,21.99,21700
2421,2010-02-03,22.48,22.48,22.08,22.26,37500
2422,2010-02-02,22.28,22.36,22.01,22.25,25000
2423,2010-02-01,22.17,22.96,22.053,22.25,79600
2424,2010-01-29,22.3,22.5,22.04,22.24,15700
2425,2010-01-28,22.57,22.57,22.0,22.31,16300
2426,2010-01-27,23.095,23.34,22.27,22.57,33800
2427,2010-01-26,23.4,23.4,23.0,23.09,16200
2428,2010-01-25,23.39,23.4997,23.34,23.5,21300
2429,2010-01-22,22.87,23.4497,22.87,23.24,33300
2430,2010-01-21,23.45,23.55,23.04,23.1,47400
2431,2010-01-20,23.4,23.52,23.36,23.47,25800
2432,2010-01-19,23.23,23.668,23.0989,23.44,31600
2433,2010-01-15,23.63,23.63,23.03,23.22,41700
2434,2010-01-14,23.86,23.86,23.37,23.48,14800
2435,2010-01-13,23.69,23.72,23.33,23.72,34600
2436,2010-01-12,23.255,23.72,23.24,23.51,43400
2437,2010-01-11,23.25,23.47,22.86,23.42,39900
2438,2010-01-08,22.195,23.27,22.195,23.11,23800
2439,2010-01-07,22.65,22.79,22.19,22.31,25700
2440,2010-01-06,22.8,22.8,22.3,22.46,38700
2441,2010-01-05,21.68,23.0,21.44,22.66,74300
2442,2010-01-04,21.42,21.76,21.31,21.68,31000
2443,2009-12-31,21.44,21.51,21.18,21.28,15700
2444,2009-12-30,21.4991,21.55,21.14,21.51,20700
2445,2009-12-29,21.6,21.6509,21.2,21.53,24600
2446,2009-12-28,21.66,21.67,21.289,21.49,17100
2447,2009-12-24,21.17,21.48,21.17,21.44,8300
2448,2009-12-23,21.16,21.34,20.67,21.34,29300
2449,2009-12-22,20.46,20.9011,20.46,20.9,33400
2450,2009-12-21,20.52,20.67,20.22,20.59,88400
2451,2009-12-18,21.2,21.4615,20.08,20.29,217800
2452,2009-12-17,21.35,21.41,20.79,20.99,57200
2453,2009-12-16,20.9,21.25,20.69,21.23,51500
2454,2009-12-15,20.6,21.237,20.2,20.89,59600
2455,2009-12-14,20.75,21.0,20.32,20.69,69000
2456,2009-12-11,20.75,20.849,20.01,20.38,41200
2457,2009-12-10,20.56,20.88,20.35,20.51,30300
2458,2009-12-09,20.9,20.93,20.49,20.55,28400
2459,2009-12-08,20.9,21.2,20.36,20.55,34000
2460,2009-12-07,20.6,21.15,20.51,20.86,23600
2461,2009-12-04,20.76,20.76,20.55,20.6,49300
2462,2009-12-03,20.83,20.831,20.55,20.6,27700
2463,2009-12-02,20.93,20.93,20.5,20.6,31600
2464,2009-12-01,20.59,21.28,20.57,20.78,73000
2465,2009-11-30,20.69,21.0,20.5,20.72,29500
2466,2009-11-27,21.31,21.31,20.31,21.2,13600
2467,2009-11-25,21.69,21.69,20.51,21.32,31200
2468,2009-11-24,21.19,21.59,20.609,21.5,32300
2469,2009-11-23,20.82,21.51,20.82,21.03,30600
2470,2009-11-20,21.12,21.57,20.85,20.85,59700
2471,2009-11-19,22.22,22.25,21.1,21.36,33700
2472,2009-11-18,22.56,22.56,21.727,22.02,40700
2473,2009-11-17,21.67,22.07,21.59,22.019,36500
2474,2009-11-16,21.41,22.22,20.86,21.55,54000
2475,2009-11-13,21.13,21.5,21.065,21.5,31000
2476,2009-11-12,21.3,21.3,21.03,21.16,38300
2477,2009-11-11,21.69,21.8,21.23,21.35,57100
2478,2009-11-10,21.69,22.13,21.64,21.74,30700
2479,2009-11-09,21.97,22.29,21.66,21.77,65100
2480,2009-11-06,21.9,22.16,21.75,22.0,33500
2481,2009-11-05,22.5,22.5,21.61,22.03,36400
2482,2009-11-04,22.06,22.25,22.0,22.07,13900
2483,2009-11-03,21.95,22.14,21.94,22.14,25200
2484,2009-11-02,22.4109,22.58,21.96,22.15,38900
2485,2009-10-30,22.6891,22.69,22.0,22.36,29500
2486,2009-10-29,22.26,23.24,22.1,23.0,28400
2487,2009-10-28,22.34,23.0687,22.05,22.25,48200
2488,2009-10-27,22.78,23.22,22.43,22.67,22100
2489,2009-10-26,23.08,23.31,22.72,22.91,21100
2490,2009-10-23,22.96,23.85,22.72,23.29,40400
2491,2009-10-22,23.35,23.37,22.75,23.29,26500
2492,2009-10-21,23.69,23.85,23.57,23.57,15300
2493,2009-10-20,23.4,23.8511,23.3,23.51,33900
2494,2009-10-19,23.15,23.28,22.96,23.2,20100
2495,2009-10-16,23.1,23.57,22.67,22.98,24000
2496,2009-10-15,22.54,23.16,22.22,23.16,35100
2497,2009-10-14,22.14,22.65,22.14,22.65,27800
2498,2009-10-13,22.02,22.091,21.75,22.06,31100
2499,2009-10-12,21.7,22.23,21.56,22.01,31400
2500,2009-10-09,21.84,22.47,21.67,21.7,54000
2501,2009-10-08,22.6,23.0,22.05,22.1,70800
2502,2009-10-07,22.75,22.97,22.14,22.58,33400
2503,2009-10-06,23.119,23.56,22.74,22.75,25400
2504,2009-10-05,21.49,22.94,21.3819,22.68,53400
2505,2009-10-02,21.89,21.89,21.1005,21.61,61900
2506,2009-10-01,22.53,22.72,22.12,22.2,19800
2507,2009-09-30,22.68,22.68,22.0008,22.57,35700
2508,2009-09-29,22.75,22.99,22.5,22.83,35600
2509,2009-09-28,22.72,23.0,22.5,22.98,22400
2510,2009-09-25,22.95,23.4397,22.7,22.88,21300
2511,2009-09-24,24.0,24.0,22.751,22.98,25300
2512,2009-09-23,23.93,23.933,23.0,23.44,52900
2513,2009-09-22,24.87,24.87,22.86,24.13,27900
2514,2009-09-21,24.59,24.75,23.75,24.45,48400
2515,2009-09-18,25.46,25.46,24.0,25.15,106800
2516,2009-09-17,25.78,25.7799,24.99,24.99,65200
2517,2009-09-16,25.3,25.77,24.97,25.77,35000
2518,2009-09-15,24.57,25.24,24.02,25.13,46400
2519,2009-09-14,22.65,24.57,22.65,24.39,69200
2520,2009-09-11,22.5,22.98,22.44,22.97,69800
2521,2009-09-10,22.535,22.68,22.34,22.63,26300
2522,2009-09-09,22.23,22.82,22.202,22.78,33400
2523,2009-09-08,22.37,22.6,22.11,22.21,58700
2524,2009-09-04,22.28,22.81,21.81,22.51,28200
2525,2009-09-03,22.53,22.81,22.18,22.5,32200
2526,2009-09-02,22.14,22.97,21.42,22.67,170500
2527,2009-09-01,21.64,23.14,21.57,22.48,128200
2528,2009-08-31,21.76,21.845,21.06,21.22,92300
2529,2009-08-28,22.57,22.57,22.0,22.09,39500
2530,2009-08-27,22.43,22.95,22.2075,22.66,55200
2531,2009-08-26,22.92,22.9178,22.4,22.54,31500
2532,2009-08-25,22.146,22.57,22.146,22.443,40200
2533,2009-08-24,22.24,22.26,21.7,22.25,38700
2534,2009-08-21,22.42,22.42,22.18,22.26,43900
2535,2009-08-20,22.0,22.41,21.6,22.18,91500
2536,2009-08-19,21.8,22.0,21.61,21.87,46400
2537,2009-08-18,22.05,22.09,21.8,22.0,30900
2538,2009-08-17,21.94,22.14,21.94,21.96,25200
2539,2009-08-14,22.21,22.49,21.9,22.08,34500
2540,2009-08-13,22.5,22.5,22.198,22.38,14800
2541,2009-08-12,22.19,22.416,22.0,22.16,25500
2542,2009-08-11,21.89,22.29,21.89,22.01,42100
2543,2009-08-10,22.33,22.49,21.85,22.21,77100
2544,2009-08-07,22.0,22.98,21.83,22.15,56100
2545,2009-08-06,23.2,23.2,22.22,22.22,32800
2546,2009-08-05,23.33,23.7,22.42,22.92,29800
2547,2009-08-04,22.97,23.86,22.97,23.33,33900
2548,2009-08-03,23.0,23.5,22.86,23.5,24300
2549,2009-07-31,22.45,22.96,22.37,22.76,20400
2550,2009-07-30,22.6,22.85,22.232,22.58,14200
2551,2009-07-29,23.01,23.01,22.06,22.55,17400
2552,2009-07-28,22.78,23.0,22.12,22.98,40200
2553,2009-07-27,22.75,23.32,22.56,23.08,41200
2554,2009-07-24,22.37,23.21,22.06,22.98,43900
2555,2009-07-23,22.29,22.76,21.7,22.47,86600
2556,2009-07-22,22.08,22.9,22.01,22.59,67500
2557,2009-07-21,23.0,23.1,22.43,22.86,47900
2558,2009-07-20,22.26,22.8997,22.035,22.7,42900
2559,2009-07-17,22.65,23.05,22.25,22.34,47800
2560,2009-07-16,21.75,22.88,21.61,22.7,70300
2561,2009-07-15,21.96,22.2,21.72,22.032,65300
2562,2009-07-14,21.78,22.03,21.69,21.89,35700
2563,2009-07-13,21.53,22.03,21.4404,22.03,35400
2564,2009-07-10,21.8191,22.04,21.48,21.7,22900
2565,2009-07-09,22.05,22.47,21.45,22.14,25700
2566,2009-07-08,21.89,22.0,21.37,21.72,64700
2567,2009-07-07,22.35,22.87,21.88,22.025,47100
2568,2009-07-06,22.59,22.85,22.18,22.53,65300
2569,2009-07-02,23.2972,23.31,22.9,23.31,36800
2570,2009-07-01,23.11,23.73,22.861,23.51,53200
2571,2009-06-30,21.92,23.03,21.6794,22.805,54700
2572,2009-06-29,21.92,21.92,21.45,21.92,39900
2573,2009-06-26,20.82,21.59,20.82,21.49,37100
2574,2009-06-25,20.47,21.16,20.46,20.91,28200
2575,2009-06-24,20.71,20.98,20.26,20.7,31100
2576,2009-06-23,20.81,21.13,20.63,20.69,38300
2577,2009-06-22,21.52,21.52,20.8,20.89,56600
2578,2009-06-19,21.672,21.72,21.358,21.52,29500
2579,2009-06-18,21.8899,21.91,21.23,21.62,11300
2580,2009-06-17,21.53,21.92,21.24,21.86,43800
2581,2009-06-16,21.49,22.155,21.38,21.83,47100
2582,2009-06-15,21.51,21.67,21.25,21.471,20700
2583,2009-06-12,21.75,22.16,21.71,21.91,54700
2584,2009-06-11,21.44,21.959,21.18,21.81,43600
2585,2009-06-10,21.48,21.48,21.0804,21.32,28200
2586,2009-06-09,21.0,21.07,20.85,20.95,19500
2587,2009-06-08,20.82,21.12,20.68,20.95,35500
2588,2009-06-05,20.9,21.51,20.88,21.19,55300
2589,2009-06-04,20.381,20.95,20.38,20.74,24900
2590,2009-06-03,20.16,21.0,20.1101,20.55,44400
2591,2009-06-02,20.5,21.0689,20.36,21.0,35200
2592,2009-06-01,20.5,21.294,20.5,21.09,57800
2593,2009-05-29,19.73,20.5,19.57,20.49,68900
2594,2009-05-28,19.49,19.64,19.302,19.64,43400
2595,2009-05-27,19.09,19.54,19.04,19.27,43200
2596,2009-05-26,19.2,19.62,18.88,19.2,43500
2597,2009-05-22,19.069,19.53,19.01,19.25,53200
2598,2009-05-21,19.25,19.303,18.68,18.99,50200
2599,2009-05-20,19.25,19.9,19.25,19.44,67500
2600,2009-05-19,19.05,19.9,19.0,19.15,44400
2601,2009-05-18,18.76,19.0,18.62,18.83,28200
2602,2009-05-15,18.88,19.03,18.55,18.78,36400
2603,2009-05-14,18.9,19.19,18.44,18.78,37000
2604,2009-05-13,19.15,19.34,18.59,18.63,36400
2605,2009-05-12,19.25,19.6,19.15,19.25,31900
2606,2009-05-11,19.02,19.56,18.9545,19.3,52300
2607,2009-05-08,19.1,20.44,18.79,20.02,120900
2608,2009-05-07,18.75,19.2395,18.74,19.01,103700
2609,2009-05-06,18.47,18.94,18.265,18.71,55900
2610,2009-05-05,18.12,18.39,17.75,18.35,50700
2611,2009-05-04,17.89,18.15,17.774,18.15,32800
2612,2009-05-01,17.8,17.9009,17.63,17.63,30400
2613,2009-04-30,17.92,17.92,17.5,17.6,35800
2614,2009-04-29,17.03,17.855,17.03,17.81,31700
2615,2009-04-28,17.14,17.35,17.0605,17.33,20500
2616,2009-04-27,17.19,17.77,17.19,17.49,27100
2617,2009-04-24,17.7,17.9,17.35,17.77,50700
2618,2009-04-23,17.4,17.7,16.67,17.69,78200
2619,2009-04-22,17.3095,18.0,17.28,17.7,37700
2620,2009-04-21,17.43,17.887,17.0751,17.67,34900
2621,2009-04-20,17.5,17.86,17.0,17.29,43200
2622,2009-04-17,17.96,17.98,17.512,17.96,56900
2623,2009-04-16,18.0,18.14,17.58,17.86,41500
2624,2009-04-15,17.82,17.916,17.266,17.9,29700
2625,2009-04-14,18.25,18.25,17.24,17.47,47100
2626,2009-04-13,17.44,18.25,17.32,18.15,45900
2627,2009-04-09,17.64,17.8,17.16,17.27,44500
2628,2009-04-08,16.86,17.45,16.76,17.2,24700
2629,2009-04-07,16.812,17.145,16.75,16.9,41200
2630,2009-04-06,17.52,17.58,16.76,17.05,51500
2631,2009-04-03,17.35,17.7594,16.75,17.32,34000
2632,2009-04-02,17.14,17.57,16.81,17.2,40000
2633,2009-04-01,16.05,17.19,16.05,16.88,27300
2634,2009-03-31,16.41,16.8,16.06,16.33,41400
2635,2009-03-30,16.65,16.725,16.1499,16.36,79300
2636,2009-03-27,17.6,18.26,16.83,17.08,64100
2637,2009-03-26,17.62,18.21,17.56,17.59,80600
2638,2009-03-25,17.68,18.12,17.22,17.69,77300
2639,2009-03-24,18.26,18.26,17.35,17.75,47600
2640,2009-03-23,18.26,18.26,17.91,18.26,56800
2641,2009-03-20,18.16,18.25,17.3,17.63,37300
2642,2009-03-19,17.0,18.26,16.542,17.89,51600
2643,2009-03-18,17.0,17.0,16.098,16.68,45800
2644,2009-03-17,16.45,16.92,16.21,16.92,9200
2645,2009-03-16,16.28,16.64,16.0,16.45,34400
2646,2009-03-13,16.25,16.4,15.88,16.15,20800
2647,2009-03-12,14.9993,16.27,15.0,16.15,34500
2648,2009-03-11,15.55,15.8,15.21,15.25,26200
2649,2009-03-10,14.69,15.4,14.69,15.11,41100
2650,2009-03-09,14.54,14.96,14.5006,14.53,35200
2651,2009-03-06,14.85,15.45,14.374,14.65,58000
2652,2009-03-05,15.39,15.4,14.75,14.76,35700
2653,2009-03-04,15.3009,15.53,15.03,15.25,40300
2654,2009-03-03,15.84,16.1605,14.86,15.1,61000
2655,2009-03-02,15.89,15.89,14.91,15.4,67900
2656,2009-02-27,16.61,16.705,16.0,16.31,62000
2657,2009-02-26,16.48,16.79,15.834,16.3,53200
2658,2009-02-25,15.75,15.8706,15.11,15.77,42100
2659,2009-02-24,14.8,15.79,14.75,15.58,82400
2660,2009-02-23,15.5606,15.83,14.45,14.8,111500
2661,2009-02-20,15.46,15.52,14.5896,15.01,114000
2662,2009-02-19,15.9,16.17,15.61,15.78,52300
2663,2009-02-18,16.94,16.94,15.863,15.91,79100
2664,2009-02-17,18.1,18.1,16.84,16.96,108500
2665,2009-02-13,17.91,18.4,17.86,18.27,19800
2666,2009-02-12,18.25,18.375,17.67,18.04,42400
2667,2009-02-11,18.92,18.92,18.2,18.44,23000
2668,2009-02-10,18.77,19.0,18.4112,18.64,27500
2669,2009-02-09,19.03,19.27,18.559,18.85,56400
2670,2009-02-06,19.2808,19.33,18.79,19.21,51800
2671,2009-02-05,19.38,19.69,18.94,19.28,33400
2672,2009-02-04,20.0,20.0,19.5,19.62,45900
2673,2009-02-03,19.68,19.99,19.3978,19.99,66900
2674,2009-02-02,19.39,19.7501,18.9,19.75,116600
2675,2009-01-30,18.69,19.48,18.32,19.0,105500
2676,2009-01-29,18.41,18.72,18.0088,18.25,35700
2677,2009-01-28,18.35,18.4092,18.18,18.36,35400
2678,2009-01-27,17.96,18.31,17.65,18.16,74300
2679,2009-01-26,17.8,18.13,17.75,18.05,70300
2680,2009-01-23,17.35,17.76,17.29,17.74,50200
2681,2009-01-22,16.8,17.8,16.8,17.35,47200
2682,2009-01-21,17.99,18.24,17.51,18.24,70200
2683,2009-01-20,18.12,18.24,17.12,17.355,67400
2684,2009-01-16,18.45,18.5,17.66,18.12,82100
2685,2009-01-15,18.1494,18.39,17.25,17.88,84300
2686,2009-01-14,18.35,18.74,18.06,18.34,74000
2687,2009-01-13,17.72,18.55,17.68,18.35,44100
2688,2009-01-12,18.0,19.146,17.58,17.72,58100
2689,2009-01-09,18.8,18.8,18.0,18.0,40800
2690,2009-01-08,18.57,19.191,18.34,18.46,47200
2691,2009-01-07,18.68,19.42,18.4,18.52,68500
2692,2009-01-06,19.49,20.4,18.65,19.04,123200
2693,2009-01-05,17.87,19.49,17.8711,19.24,83900
2694,2009-01-02,16.44,17.79,15.63,17.73,92200
2695,2008-12-31,15.26,16.2,15.26,15.87,74900
2696,2008-12-30,15.64,15.88,15.0,15.38,174500
2697,2008-12-29,16.17,16.509,15.5,15.52,77600
2698,2008-12-26,16.82,17.03,15.86,15.93,82200
2699,2008-12-24,16.61,17.03,16.0,17.03,25100
2700,2008-12-23,15.94,16.61,15.7594,16.61,45100
2701,2008-12-22,16.69,16.99,15.76,15.85,49800
2702,2008-12-19,16.57,17.2391,16.28,16.69,48900
2703,2008-12-18,17.15,17.3,16.65,16.73,61900
2704,2008-12-17,16.85,17.72,16.57,17.33,54400
2705,2008-12-16,16.55,17.24,16.22,17.02,50400
2706,2008-12-15,16.45,16.7,16.0,16.18,61000
2707,2008-12-12,15.35,16.0704,15.15,15.84,90600
2708,2008-12-11,15.34,16.07,15.15,15.53,283900
2709,2008-12-10,15.0,15.86,15.0,15.21,255700
2710,2008-12-09,15.65,17.25,14.8,14.86,278400
2711,2008-12-08,16.84,17.21,15.61,15.69,211800
2712,2008-12-05,16.4197,16.92,15.81,16.54,169700
2713,2008-12-04,17.44,18.04,16.51,17.02,49900
2714,2008-12-03,17.68,17.98,17.18,17.8,44600
2715,2008-12-02,18.08,18.4,17.051,17.23,58300
2716,2008-12-01,19.15,19.58,17.3379,17.35,85900
2717,2008-11-28,19.43,19.89,19.0,19.8,18300
2718,2008-11-26,18.29,19.89,17.52,19.76,51200
2719,2008-11-25,19.61,19.61,18.02,18.43,64400
2720,2008-11-24,18.29,19.84,17.13,19.56,116400
2721,2008-11-21,16.63,17.46,15.61,17.3,104300
2722,2008-11-20,18.6,19.74,15.9,16.01,146900
2723,2008-11-19,19.05,20.08,19.0,19.01,32500
2724,2008-11-18,19.01,20.23,19.0,19.05,24200
2725,2008-11-17,19.88,20.316,19.0006,19.06,44900
2726,2008-11-14,21.1,21.1,19.75,19.87,41700
2727,2008-11-13,19.76,21.0,18.85,20.98,64500
2728,2008-11-12,21.0,21.0,18.96,19.01,114500
2729,2008-11-11,22.0,22.0,20.76,21.27,46800
2730,2008-11-10,22.97,22.98,21.02,22.07,51400
2731,2008-11-07,21.13,22.16,20.6191,21.29,59800
2732,2008-11-06,21.94,22.0,20.5501,20.93,63400
2733,2008-11-05,22.04,23.255,22.04,22.52,49600
2734,2008-11-04,23.7699,23.77,22.28,22.63,110500
2735,2008-11-03,22.85,22.97,21.1204,21.91,52800
2736,2008-10-31,22.25,22.41,21.01,22.41,74500
2737,2008-10-30,22.41,22.41,20.99,21.88,31400
2738,2008-10-29,21.65,22.39,20.75,21.76,65600
2739,2008-10-28,20.36,20.73,18.62,20.52,109000
2740,2008-10-27,20.89,20.89,18.8294,19.06,98700
2741,2008-10-24,19.5,20.37,19.0,20.33,45200
2742,2008-10-23,20.2,21.26,19.806,20.27,67800
2743,2008-10-22,21.33,21.33,19.16,20.25,62800
2744,2008-10-21,21.18,22.87,20.66,21.33,107100
2745,2008-10-20,21.7,22.82,21.123,22.71,113200
2746,2008-10-17,20.18,22.27,18.8312,21.0,129100
2747,2008-10-16,20.7,20.7,19.28,20.58,91400
2748,2008-10-15,21.85,21.8525,20.06,21.2,123500
2749,2008-10-14,21.51,22.45,20.86,21.15,122100
2750,2008-10-13,18.45,20.12,18.15,19.79,112500
2751,2008-10-10,17.0,18.435,16.1055,17.6,324900
2752,2008-10-09,19.39,19.5,17.25,17.59,160400
2753,2008-10-08,19.0,19.43,17.03,19.0,198700
2754,2008-10-07,19.75,20.15,18.65,18.65,78200
2755,2008-10-06,20.95,20.95,18.74,19.5,196900
2756,2008-10-03,22.53,22.5322,21.215,21.27,61900
2757,2008-10-02,22.99,24.0,21.75,21.85,57200
2758,2008-10-01,22.95,23.91,22.7,22.82,32900
2759,2008-09-30,22.06,23.75,22.06,23.1,62400
2760,2008-09-29,23.76,23.953,19.24,22.02,84100
2761,2008-09-26,25.22,25.22,23.905,24.3,39700
2762,2008-09-25,24.46,25.593,24.04,24.5,40200
2763,2008-09-24,25.04,25.17,24.39,24.63,37400
2764,2008-09-23,23.83,25.46,23.794,24.53,68500
2765,2008-09-22,24.18,25.25,23.4799,24.46,101700
2766,2008-09-19,23.17,25.57,22.96,24.18,261400
2767,2008-09-18,22.65,24.26,22.5,23.05,94600
2768,2008-09-17,23.15,23.69,22.2,22.42,97500
2769,2008-09-16,23.76,24.0,23.1,23.34,95400
2770,2008-09-15,25.01,25.14,24.37,24.37,67400
2771,2008-09-12,25.12,25.98,25.0,25.03,35700
2772,2008-09-11,25.07,25.272,24.83,24.84,35600
2773,2008-09-10,25.11,25.85,24.93,25.26,57100
2774,2008-09-09,26.05,26.05,24.77,25.03,73800
2775,2008-09-08,28.0889,28.09,25.8,26.38,56400
2776,2008-09-05,28.42,28.42,26.73,27.1,47600
2777,2008-09-04,26.62,28.32,26.59,28.06,154500
2778,2008-09-03,26.21,26.8,25.8809,26.75,48300
2779,2008-09-02,27.46,27.46,25.97,26.3,73500
2780,2008-08-29,28.25,28.55,27.5,27.74,20900
2781,2008-08-28,29.0,29.0,27.56,28.18,46000
2782,2008-08-27,28.615,28.98,28.0,28.69,48400
2783,2008-08-26,27.29,28.61,27.29,28.05,57100
2784,2008-08-25,27.49,27.49,26.555,27.2,33100
2785,2008-08-22,27.49,28.14,26.552,27.0,39900
2786,2008-08-21,27.55,28.28,27.22,27.27,61400
2787,2008-08-20,26.0,27.46,25.953,27.08,83800
2788,2008-08-19,25.51,26.06,24.88,26.06,119200
2789,2008-08-18,26.72,26.97,25.85,25.89,60500
2790,2008-08-15,28.36,28.36,26.84,27.11,42800
2791,2008-08-14,28.28,28.482,27.47,27.81,42000
2792,2008-08-13,27.85,28.22,26.89,27.91,124600
2793,2008-08-12,28.91,28.91,27.8,27.95,84500
2794,2008-08-11,30.06,30.69,28.26,28.64,104400
2795,2008-08-08,29.8,30.1,29.54,29.81,43500
2796,2008-08-07,30.19,30.69,29.49,29.91,69200
2797,2008-08-06,29.4,30.7,29.0,29.75,101600
2798,2008-08-05,29.49,30.33,29.06,29.6,67100
2799,2008-08-04,31.53,32.7014,29.31,29.85,126100
2800,2008-08-01,31.59,32.22,30.45,31.53,70400
2801,2008-07-31,31.17,31.18,30.0,30.82,81400
2802,2008-07-30,30.66,31.55,29.85,31.55,88000
2803,2008-07-29,31.74,31.74,29.62,30.08,79100
2804,2008-07-28,30.52,30.7,29.92,30.0,67700
2805,2008-07-25,30.24,30.37,29.486,29.91,135000
2806,2008-07-24,29.1121,30.15,29.0,30.0,85000
2807,2008-07-23,29.51,29.99,29.05,29.9,163600
2808,2008-07-22,32.45,32.45,30.41,30.6,97900
2809,2008-07-21,31.87,32.64,31.03,32.52,142600
2810,2008-07-18,30.27,31.9,30.04,31.02,117600
2811,2008-07-17,32.01,32.16,29.97,30.39,166900
2812,2008-07-16,34.73,34.97,32.58,33.3,136300
2813,2008-07-15,35.41,35.84,34.14,34.26,167000
2814,2008-07-14,33.91,35.319,33.91,35.0,153300
2815,2008-07-11,33.23,33.99,32.91,33.37,99800
2816,2008-07-10,31.86,33.5,31.01,33.03,132100
2817,2008-07-09,30.46,32.3,29.36,31.46,135100
2818,2008-07-08,31.13,31.28,28.68,30.2,179100
2819,2008-07-07,31.14,31.97,30.22,31.62,135000
2820,2008-07-03,31.15,32.04,30.2,31.09,95500
2821,2008-07-02,31.62,32.35,30.99,31.49,101900
2822,2008-07-01,31.52,31.7,30.5,31.44,238700
2823,2008-06-30,32.78,33.0,31.779,31.8,125300
2824,2008-06-27,32.92,33.2,32.18,32.54,85400
2825,2008-06-26,32.93,34.0,32.21,33.07,75600
2826,2008-06-25,35.0,35.09,32.55,33.8,221500
2827,2008-06-24,34.05,36.49,33.5,35.09,560600
2828,2008-06-23,32.0,35.383,31.5,34.19,405300
2829,2008-06-20,28.8,32.0,28.59,32.0,276100
2830,2008-06-19,30.02,30.02,28.46,28.8,106900
2831,2008-06-18,31.93,31.93,29.42,30.05,106800
2832,2008-06-17,29.75,30.95,29.027,30.07,254700
2833,2008-06-16,28.43,28.73,27.96,28.36,33500
2834,2008-06-13,28.44,28.5,27.98,28.18,33300
2835,2008-06-12,27.96,28.5,27.6986,28.37,41800
2836,2008-06-11,28.0,28.72,27.7,28.02,51600
2837,2008-06-10,28.25,28.65,27.67,27.89,24700
2838,2008-06-09,28.73,29.07,27.87,28.32,48500
2839,2008-06-06,28.02,28.78,27.965,28.6,50300
2840,2008-06-05,27.45,28.43,27.45,28.0,67700
2841,2008-06-04,28.38,28.38,27.25,27.55,52800
2842,2008-06-03,28.79,29.22,28.37,28.38,75900
2843,2008-06-02,27.54,28.6,27.54,28.3,56800
2844,2008-05-30,27.0,27.9,26.91,27.86,51300
2845,2008-05-29,27.6693,27.92,26.538,27.0,110200
2846,2008-05-28,27.8,27.84,27.65,27.66,49000
2847,2008-05-27,27.82,27.96,27.65,27.8,65000
2848,2008-05-23,28.0,28.0,27.54,27.79,91700
2849,2008-05-22,27.89,28.15,27.54,27.82,115900
2850,2008-05-21,27.78,28.662,27.78,27.81,107200
2851,2008-05-20,27.84,27.93,27.7,27.71,37700
2852,2008-05-19,28.0,28.0,27.46,27.68,47800
2853,2008-05-16,27.2,27.84,27.11,27.7,52200
2854,2008-05-15,27.5295,27.54,26.83,27.05,49100
2855,2008-05-14,26.9,27.9172,26.9,27.27,89800
2856,2008-05-13,27.1,27.62,26.938,26.938,78500
2857,2008-05-12,27.49,28.0,26.9988,27.14,79400
2858,2008-05-09,28.0502,28.05,27.22,27.49,111500
2859,2008-05-08,27.5,28.09,27.36,28.0,135600
2860,2008-05-07,27.0,28.0,26.93,27.2,102600
2861,2008-05-06,26.54,26.9986,25.69,26.8,107400
2862,2008-05-05,26.0,26.6,25.62,26.59,171000
2863,2008-05-02,25.0,25.934,25.0,25.53,134300
2864,2008-05-01,25.0,25.09,24.83,24.83,61400
2865,2008-04-30,24.71,25.2,24.71,24.96,83800
2866,2008-04-29,25.25,25.3,24.7,24.9,67000
2867,2008-04-28,25.23,25.68,24.88,25.25,118400
2868,2008-04-25,25.0,25.0,24.55,24.79,53600
2869,2008-04-24,25.2,25.2,24.54,24.93,59800
2870,2008-04-23,25.34,25.3398,24.82,25.04,58800
2871,2008-04-22,24.8,25.3499,24.8,25.0,50700
2872,2008-04-21,24.73,25.49,24.5,24.65,103700
2873,2008-04-18,25.25,25.25,24.46,24.67,86600
2874,2008-04-17,25.15,25.1496,24.01,24.9,180300
2875,2008-04-16,24.8,25.38,24.42,25.38,184200
2876,2008-04-15,24.2,24.95,23.7,24.32,173000
2877,2008-04-14,23.99,24.0,23.44,24.0,102100
2878,2008-04-11,23.15,23.93,23.136,23.71,154800
2879,2008-04-10,22.95,23.2,22.407,23.12,66000
2880,2008-04-09,22.03,22.95,22.03,22.85,363700
2881,2008-04-08,22.0,22.3,21.78,22.03,31900
2882,2008-04-07,21.2,22.33,21.0,22.03,113800
2883,2008-04-04,20.76,21.09,20.76,20.99,17500
2884,2008-04-03,20.877,21.0693,20.76,20.76,29900
2885,2008-04-02,21.215,21.215,20.65,20.83,19800
2886,2008-04-01,21.01,21.01,20.65,20.66,23600
2887,2008-03-31,21.09,21.25,20.8313,21.0,33000
2888,2008-03-28,20.917,21.03,20.69,20.69,8100
2889,2008-03-27,20.9899,21.16,20.65,20.74,23800
2890,2008-03-26,20.78,21.4,20.24,20.99,39800
2891,2008-03-25,20.22,20.73,20.02,20.73,41800
2892,2008-03-24,20.15,20.2205,19.95,19.95,35400
2893,2008-03-20,19.85,20.21,19.85,19.86,42400
2894,2008-03-19,19.3993,20.45,19.4,19.92,48400
2895,2008-03-18,20.22,20.99,20.02,20.15,69700
2896,2008-03-17,21.28,21.28,20.05,20.17,46400
2897,2008-03-14,21.34,21.34,20.79,20.91,28100
2898,2008-03-13,20.95,21.42,20.95,20.95,21700
2899,2008-03-12,21.0,21.43,21.0,21.01,31100
2900,2008-03-11,21.43,21.43,20.95,21.08,49400
2901,2008-03-10,21.4,21.46,20.96,21.01,43400
2902,2008-03-07,21.1,21.44,21.1,21.39,28500
2903,2008-03-06,21.56,21.58,21.227,21.27,32900
2904,2008-03-05,21.25,21.7,21.2097,21.41,46500
2905,2008-03-04,21.14,21.84,20.96,21.35,35600
2906,2008-03-03,21.09,21.2,20.9,20.95,36700
2907,2008-02-29,21.0,21.8,21.0,21.28,20100
2908,2008-02-28,21.75,21.81,21.4,21.65,21900
2909,2008-02-27,21.5,21.99,21.22,21.85,64000
2910,2008-02-26,21.18,21.6,20.75,21.53,39400
2911,2008-02-25,21.15,21.15,20.75,20.98,42300
2912,2008-02-22,20.66,21.15,20.66,21.15,28700
2913,2008-02-21,21.05,21.05,20.63,20.66,24000
2914,2008-02-20,20.83,21.16,20.64,20.77,33400
2915,2008-02-19,20.6,21.09,20.6,20.85,36800
2916,2008-02-15,21.11,21.2,20.6089,20.65,11100
2917,2008-02-14,20.84,21.108,20.61,20.98,30200
2918,2008-02-13,20.6286,20.99,20.42,20.98,43500
2919,2008-02-12,20.98,20.98,20.3,20.58,17100
2920,2008-02-11,20.26,21.25,20.03,20.78,40000
2921,2008-02-08,20.39,20.46,19.85,20.26,19400
2922,2008-02-07,20.45,20.45,19.74,20.0,96200
2923,2008-02-06,20.24,20.57,20.01,20.3,36200
2924,2008-02-05,20.5,20.5,20.096,20.23,35000
2925,2008-02-04,20.1,20.44,20.07,20.35,36200
2926,2008-02-01,19.74,20.2196,19.74,19.9,33300
2927,2008-01-31,19.5,19.99,19.5,19.61,28000
2928,2008-01-30,19.95,20.0,19.52,19.57,25300
2929,2008-01-29,19.61,19.8,19.37,19.7,24200
2930,2008-01-28,19.53,19.53,19.25,19.27,50000
2931,2008-01-25,19.7,19.99,19.12,19.49,38800
2932,2008-01-24,19.01,20.0,19.01,19.36,60900
2933,2008-01-23,19.5,19.55,18.7,19.11,59500
2934,2008-01-22,19.57,20.0,19.51,19.75,58200
2935,2008-01-18,20.59,20.62,20.0,20.34,43500
2936,2008-01-17,20.69,20.96,20.07,20.27,37600
2937,2008-01-16,21.1,21.3004,19.34,20.48,84500
2938,2008-01-15,21.95,21.95,20.87,21.06,50800
2939,2008-01-14,21.11,22.0,20.89,22.0,27800
2940,2008-01-11,20.87,21.11,20.5,20.87,21400
2941,2008-01-10,20.82,20.9893,20.598,20.86,38700
2942,2008-01-09,20.6,20.85,20.5,20.67,27600
2943,2008-01-08,20.4492,20.85,20.45,20.63,29900
2944,2008-01-07,20.64,20.7,20.11,20.6,37800
2945,2008-01-04,19.9,20.45,19.7,20.3,36200
2946,2008-01-03,20.52,20.69,20.021,20.13,16200
2947,2008-01-02,19.98,20.33,19.389,20.19,56200
2948,2007-12-31,19.2,20.35,19.17,20.13,66500
2949,2007-12-28,19.46,19.92,19.17,19.25,42500
2950,2007-12-27,20.0,20.0,19.2099,19.46,51300
2951,2007-12-26,19.33,20.0,19.05,20.0,60900
2952,2007-12-24,19.2,19.62,19.0,19.22,34800
2953,2007-12-21,19.31,20.0,19.1607,19.2,58900
2954,2007-12-20,19.5,19.8,19.21,19.29,71200
2955,2007-12-19,19.61,19.9,19.43,19.71,37100
2956,2007-12-18,19.9202,20.1,19.5,19.66,42200
2957,2007-12-17,20.1723,20.39,19.85,19.91,42200
2958,2007-12-14,20.42,20.93,20.15,20.27,6500
2959,2007-12-13,21.0015,21.01,20.11,20.62,32900
2960,2007-12-12,20.9,21.26,20.4,20.9,31000
2961,2007-12-11,20.35,20.95,20.35,20.35,26700
2962,2007-12-10,20.4695,20.53,20.1,20.46,37700
2963,2007-12-07,20.5,20.75,20.2,20.48,22300
2964,2007-12-06,20.73,20.85,20.35,20.35,27700
2965,2007-12-05,20.05,21.35,19.93,20.54,26300
2966,2007-12-04,20.29,20.64,20.25,20.3,28200
2967,2007-12-03,20.22,21.21,20.03,20.4,13700
2968,2007-11-30,20.44,20.5,19.95,20.28,50200
2969,2007-11-29,20.28,20.5,20.15,20.16,12900
2970,2007-11-28,20.34,20.48,20.16,20.25,29200
2971,2007-11-27,20.2,21.0,20.15,20.29,50600
2972,2007-11-26,20.16,20.5,20.01,20.26,23900
2973,2007-11-23,20.15,20.24,20.01,20.22,25100
2974,2007-11-21,20.0,20.2,19.95,20.17,44600
2975,2007-11-20,20.43,20.43,20.01,20.14,42000
2976,2007-11-19,20.8105,20.81,20.01,20.26,37300
2977,2007-11-16,20.75,20.81,20.56,20.75,8800
2978,2007-11-15,20.76,20.95,20.58,20.66,22300
2979,2007-11-14,21.19,21.324,20.89,20.89,14800
2980,2007-11-13,21.01,21.5,21.0,21.15,23700
2981,2007-11-12,21.15,22.14,21.0,21.0,31800
2982,2007-11-09,21.38,21.98,21.0,21.23,28300
2983,2007-11-08,21.9,22.352,21.04,21.44,23300
2984,2007-11-07,22.5506,22.55,21.76,21.76,23900
2985,2007-11-06,23.0,23.0,22.37,22.53,21700
2986,2007-11-05,23.0012,23.28,22.094,22.094,44000
2987,2007-11-02,22.54,22.99,22.5,22.99,29600
2988,2007-11-01,22.3006,22.74,22.0,22.5,45500
2989,2007-10-31,22.49,22.49,22.2,22.36,24100
2990,2007-10-30,22.3,22.5,21.87,22.15,38400
2991,2007-10-29,22.22,22.5,22.0392,22.48,63300
2992,2007-10-26,22.03,22.45,21.76,22.35,29100
2993,2007-10-25,21.59,22.25,21.59,22.18,39900
2994,2007-10-24,21.46,21.85,21.46,21.61,16500
2995,2007-10-23,21.6106,21.78,21.45,21.59,15800
2996,2007-10-22,21.31,22.0,21.11,21.43,33600
2997,2007-10-19,21.79,21.96,21.21,21.52,50300
2998,2007-10-18,22.12,22.6,21.77,22.09,52900
2999,2007-10-17,22.17,22.65,21.75,22.01,40900
3000,2007-10-16,22.2,22.5,22.1104,22.17,36500
3001,2007-10-15,22.11,22.65,22.09,22.27,27500
3002,2007-10-12,22.5,22.95,21.91,21.91,26200
3003,2007-10-11,21.39,23.45,21.39,22.22,53300
3004,2007-10-10,21.5,22.0,20.9993,21.35,25400
3005,2007-10-09,21.0,21.73,20.95,21.6,51300
3006,2007-10-08,20.64,20.91,20.6404,20.91,24200
3007,2007-10-05,20.7,20.7,20.5,20.65,35400
3008,2007-10-04,20.61,20.7,20.42,20.62,22400
3009,2007-10-03,20.5,20.71,20.31,20.38,15900
3010,2007-10-02,20.69,20.9,20.0,20.49,51700
3011,2007-10-01,20.36,20.6,20.18,20.54,42100
3012,2007-09-28,20.32,20.5,20.19,20.36,56200
3013,2007-09-27,20.32,20.5,20.24,20.39,31500
3014,2007-09-26,20.56,20.56,20.18,20.4,28800
3015,2007-09-25,20.39,20.39,20.2,20.28,16400
3016,2007-09-24,20.25,20.44,20.06,20.3,30100
3017,2007-09-21,20.04,20.18,19.93,20.15,29100
3018,2007-09-20,20.5,20.6,20.04,20.05,42300
3019,2007-09-19,20.53,20.6008,20.2,20.54,32900
3020,2007-09-18,20.7202,20.72,20.21,20.27,27400
3021,2007-09-17,20.6,20.6,20.37,20.42,29400
3022,2007-09-14,20.47,20.6,20.3,20.49,35000
3023,2007-09-13,20.5291,20.8,20.387,20.47,24900
3024,2007-09-12,20.05,20.86,20.05,20.61,45300
3025,2007-09-11,20.17,20.4807,19.9,19.9,32800
3026,2007-09-10,20.8594,20.92,20.15,20.25,23200
3027,2007-09-07,20.23,21.442,20.2,20.43,27800
3028,2007-09-06,21.51,21.55,20.38,20.64,47200
3029,2007-09-05,21.93,22.0,21.69,21.7,29800
3030,2007-09-04,21.99,21.99,21.49,21.85,36200
3031,2007-08-31,20.6,22.4991,20.35,21.65,41500
3032,2007-08-30,20.08,20.63,20.08,20.54,23700
3033,2007-08-29,20.69,20.7595,20.04,20.38,18500
3034,2007-08-28,20.2,21.0,20.2,20.4,58600
3035,2007-08-27,20.31,20.85,20.03,20.07,31400
3036,2007-08-24,20.62,20.69,20.19,20.3,25400
3037,2007-08-23,19.93,20.58,19.92,20.31,27400
3038,2007-08-22,20.4,20.4,19.45,19.67,41300
3039,2007-08-21,19.23,20.39,19.0,20.2,49300
3040,2007-08-20,19.32,20.01,19.25,19.69,43600
3041,2007-08-17,19.0,20.15,19.0,19.45,86800
3042,2007-08-16,19.74,19.8,19.0,19.52,83000
3043,2007-08-15,19.33,19.98,19.3303,19.81,29500
3044,2007-08-14,20.38,20.38,19.47,19.92,22500
3045,2007-08-13,20.31,20.99,19.76,20.23,42200
3046,2007-08-10,19.5,20.9,18.5,19.81,83800
3047,2007-08-09,21.12,21.88,19.61,20.02,113900
3048,2007-08-08,20.72,21.89,20.55,21.77,49500
3049,2007-08-07,20.59,21.53,20.58,20.86,60500
3050,2007-08-06,21.5,21.5,20.0,20.44,200000
3051,2007-08-03,21.56,21.77,21.22,21.23,64700
3052,2007-08-02,22.03,22.2,21.65,21.65,36800
3053,2007-08-01,22.02,22.36,21.76,22.24,43000
3054,2007-07-31,22.8,22.88,21.98,22.65,49800
3055,2007-07-30,22.56,22.66,21.977,22.42,41300
3056,2007-07-27,21.79,22.67,21.57,21.69,45500
3057,2007-07-26,21.77,22.12,21.6,21.64,32900
3058,2007-07-25,21.83,22.12,21.5288,22.06,48700
3059,2007-07-24,22.5,22.56,21.86,21.95,33800
3060,2007-07-23,23.09,23.1115,22.5,22.61,64600
3061,2007-07-20,23.46,23.52,23.0,23.11,33200
3062,2007-07-19,23.5,23.678,23.02,23.29,62400
3063,2007-07-18,23.52,23.91,23.52,23.91,80900
3064,2007-07-17,23.8,24.09,23.4873,23.76,141300
3065,2007-07-16,23.92,24.05,23.61,23.77,86300
3066,2007-07-13,23.94,24.05,23.76,24.01,85800
3067,2007-07-12,23.26,23.95,23.25,23.76,105200
3068,2007-07-11,23.1,23.3978,23.05,23.28,64800
3069,2007-07-10,23.05,23.25,22.75,23.14,73900
3070,2007-07-09,23.1,23.25,22.76,23.05,83600
3071,2007-07-06,22.7,23.1,22.64,22.79,45200
3072,2007-07-05,22.54,22.79,22.48,22.7,49300
3073,2007-07-03,22.5,22.6,22.45,22.47,20100
3074,2007-07-02,22.02,22.6,21.99,22.49,65100
3075,2007-06-29,21.92,22.1,21.88,22.0,37700
3076,2007-06-28,22.07,22.2,21.75,21.86,43300
3077,2007-06-27,21.79,22.1,21.71,22.08,61800
3078,2007-06-26,22.032,22.27,21.55,21.8,62700
3079,2007-06-25,22.56,22.56,21.9,22.01,30100
3080,2007-06-22,22.3903,22.63,22.21,22.4,39500
3081,2007-06-21,22.54,22.63,22.35,22.35,34500
3082,2007-06-20,22.84,22.889,22.35,22.43,54000
3083,2007-06-19,22.22,22.96,22.22,22.84,87700
3084,2007-06-18,22.65,22.8,22.52,22.57,48600
3085,2007-06-15,22.6,22.64,22.42,22.5,42700
3086,2007-06-14,22.6,22.76,22.4,22.601,20300
3087,2007-06-13,22.8,22.8,22.2798,22.4,26100
3088,2007-06-12,22.28,24.05,22.25,22.63,46300
3089,2007-06-11,22.9599,22.96,22.18,22.51,36200
3090,2007-06-08,22.68,22.86,22.38,22.77,42800
3091,2007-06-07,22.57,22.8,22.2998,22.62,44100
3092,2007-06-06,23.5,23.5,22.56,22.79,49600
3093,2007-06-05,23.1,23.9,22.8,23.17,96900
3094,2007-06-04,21.76,22.98,21.76,22.5,65900
3095,2007-06-01,22.75,22.82,22.25,22.35,47900
3096,2007-05-31,23.0,23.0,22.44,22.62,47300
3097,2007-05-30,22.3,22.5,22.0297,22.5,34000
3098,2007-05-29,22.0,22.34,21.79,22.34,47600
3099,2007-05-25,21.79,22.5,21.76,21.9,37200
3100,2007-05-24,22.69,23.02,21.8,21.85,48300
3101,2007-05-23,22.9,22.9,22.465,22.48,44000
3102,2007-05-22,22.7,22.7,22.54,22.65,54200
3103,2007-05-21,22.77,22.83,22.5,22.6,55200
3104,2007-05-18,22.77,22.77,22.33,22.7,42000
3105,2007-05-17,21.65,22.59,21.65,22.55,43200
3106,2007-05-16,22.5,22.5,21.552,21.77,84300
3107,2007-05-15,22.1,22.62,21.9,21.95,43700
3108,2007-05-14,22.18,22.18,21.74,22.0,23100
3109,2007-05-11,21.74,22.0,21.7417,21.89,11700
3110,2007-05-10,21.67,21.96,21.45,21.66,25700
3111,2007-05-09,21.27,21.66,21.27,21.52,29000
3112,2007-05-08,21.8,21.84,21.5,21.54,31000
3113,2007-05-07,22.01,22.28,21.75,21.75,29000
3114,2007-05-04,22.2007,22.32,22.01,22.24,47000
3115,2007-05-03,22.0,22.21,21.81,22.07,19500
3116,2007-05-02,22.3,22.3,22.0,22.0,34200
3117,2007-05-01,22.25,22.3002,22.0,22.22,52500
3118,2007-04-30,22.55,22.78,22.27,22.3,29700
3119,2007-04-27,22.6,22.83,22.26,22.7,15700
3120,2007-04-26,22.793,22.9,22.27,22.45,109500
3121,2007-04-25,23.5,23.5,22.6,22.85,48700
3122,2007-04-24,23.84,23.84,23.24,23.629,13600
3123,2007-04-23,23.9,23.9,23.47,23.84,38000
3124,2007-04-20,23.2,23.9,23.16,23.55,16500
3125,2007-04-19,24.0,24.0,23.06,23.3,27600
3126,2007-04-18,23.9,23.9,23.55,23.67,28200
3127,2007-04-17,23.39,23.9,23.15,23.9,61800
3128,2007-04-16,23.59,23.6,23.39,23.39,29500
3129,2007-04-13,23.0118,23.6,23.01,23.55,30200
3130,2007-04-12,23.02,23.6,23.0,23.59,19000
3131,2007-04-11,23.26,23.49,22.98,23.15,24900
3132,2007-04-10,23.44,23.47,22.58,23.28,52000
3133,2007-04-09,23.13,23.6,23.128,23.45,27500
3134,2007-04-05,22.37,23.1,22.37,23.1,12500
3135,2007-04-04,22.7117,22.98,22.3,22.51,25800
3136,2007-04-03,22.04,22.76,22.0,22.53,28200
3137,2007-04-02,21.95,22.18,21.84,22.18,11400
3138,2007-03-30,22.01,22.31,21.95,22.01,19300
3139,2007-03-29,21.89,22.6,21.86,22.35,15000
3140,2007-03-28,21.88,22.05,21.82,21.94,44400
3141,2007-03-27,21.99,22.1,21.86,22.05,27500
3142,2007-03-26,22.16,22.6,21.92,22.25,36800
3143,2007-03-23,21.4,22.48,21.35,21.77,29000
3144,2007-03-22,20.82,21.38,20.82,21.38,55400
3145,2007-03-21,21.02,21.02,20.6509,20.96,70500
3146,2007-03-20,20.92,21.2304,20.81,20.82,51900
3147,2007-03-19,20.8,21.13,20.8,20.89,26200
3148,2007-03-16,20.9887,21.0,20.83,20.89,12000
3149,2007-03-15,20.99,20.99,20.79,20.89,64900
3150,2007-03-14,20.98,21.36,20.55,20.78,46400
3151,2007-03-13,21.29,21.64,20.98,20.98,37700
3152,2007-03-12,21.24,21.35,21.03,21.3,15200
3153,2007-03-09,21.84,21.84,21.07,21.24,21700
3154,2007-03-08,21.52,21.56,21.35,21.35,17100
3155,2007-03-07,21.46,21.7,21.4,21.62,12700
3156,2007-03-06,20.77,22.91,20.52,21.62,25000
3157,2007-03-05,21.44,21.57,21.25,21.42,17000
3158,2007-03-02,21.7,21.92,21.44,21.51,40200
3159,2007-03-01,21.6,21.6,21.1098,21.56,35600
3160,2007-02-28,21.65,21.92,21.51,21.61,22400
3161,2007-02-27,21.9383,22.04,21.53,21.65,15200
3162,2007-02-26,22.17,22.26,21.96,22.04,28800
3163,2007-02-23,22.26,22.44,22.02,22.04,21400
3164,2007-02-22,22.13,22.43,21.97,22.31,23300
3165,2007-02-21,21.95,22.49,21.9,22.02,26100
3166,2007-02-20,22.35,22.55,21.92,21.942,34000
3167,2007-02-16,21.901,22.75,21.66,22.17,40600
3168,2007-02-15,21.66,22.1,21.5,21.54,38600
3169,2007-02-14,22.04,22.04,21.66,21.66,32600
3170,2007-02-13,22.36,22.36,21.93,21.98,34400
3171,2007-02-12,22.64,22.7406,22.08,22.12,25400
3172,2007-02-09,22.75,22.75,22.26,22.4,20500
3173,2007-02-08,22.03,22.45,22.03,22.45,13400
3174,2007-02-07,22.06,22.53,21.99,22.18,21600
3175,2007-02-06,22.72,22.72,21.82,21.93,30100
3176,2007-02-05,22.8,22.8,22.4,22.45,24300
3177,2007-02-02,21.94,22.73,21.92,22.52,37200
3178,2007-02-01,21.8998,22.02,21.67,21.97,41000
3179,2007-01-31,21.95,21.95,21.74,21.87,49000
3180,2007-01-30,21.59,22.2,21.59,22.11,55900
3181,2007-01-29,21.5,21.83,21.5002,21.75,29800
3182,2007-01-26,22.36,22.36,21.6006,21.7,61600
3183,2007-01-25,23.0,23.0,22.5,22.6,63400
3184,2007-01-24,22.99,23.1,22.8,23.03,35100
3185,2007-01-23,22.3,22.95,22.236,22.75,37900
3186,2007-01-22,22.09,22.33,22.08,22.256,47200
3187,2007-01-19,21.64,22.01,21.38,21.96,28500
3188,2007-01-18,21.47,21.532,21.3,21.35,60400
3189,2007-01-17,21.44,21.89,21.44,21.44,38700
3190,2007-01-16,22.0,22.0006,21.33,21.45,63600
3191,2007-01-12,21.92,22.2,21.534,22.09,38800
3192,2007-01-11,21.57,22.17,21.57,21.81,41200
3193,2007-01-10,21.4111,21.83,21.41,21.69,19900
3194,2007-01-09,21.72,21.72,21.24,21.65,48800
3195,2007-01-08,21.14,21.74,21.06,21.6,34400
3196,2007-01-05,21.45,21.5,20.75,21.23,103600
3197,2007-01-04,22.1815,22.18,21.43,21.65,47700
3198,2007-01-03,21.93,22.0,21.46,21.501,65500
3199,2006-12-29,21.7,22.19,21.7,22.03,49400
3200,2006-12-28,21.85,22.08,21.6998,21.92,78100
3201,2006-12-27,21.78,22.5015,21.78,22.0,52900
3202,2006-12-26,22.0,22.2,21.61,21.8,46300
3203,2006-12-22,21.5,22.43,21.5,22.11,116700
3204,2006-12-21,21.81,22.0,21.4,21.44,139700
3205,2006-12-20,22.0,22.28,21.8,21.813,177200
3206,2006-12-19,22.4,22.59,22.22,22.28,70600
3207,2006-12-18,23.0,23.0,22.41,22.539,124200
3208,2006-12-15,23.1372,23.549,23.02,23.02,53200
3209,2006-12-14,23.25,23.3,23.15,23.15,97000
3210,2006-12-13,23.5,23.7308,23.01,23.25,74100
3211,2006-12-12,24.0,24.0408,23.6,23.6,28200
3212,2006-12-11,24.068,24.24,24.01,24.01,11900
3213,2006-12-08,24.99,24.99,24.01,24.232,28500
3214,2006-12-07,24.5,24.5505,24.1,24.1,12500
3215,2006-12-06,24.24,24.6,24.0,24.53,7200
3216,2006-12-05,24.99,24.99,24.11,24.48,18600
3217,2006-12-04,25.15,25.15,24.0,24.08,28500
3218,2006-12-01,24.53,24.75,23.9,24.496,18500
3219,2006-11-30,24.0,24.95,24.0,24.83,19400
3220,2006-11-29,24.0,24.47,23.9,24.01,23300
3221,2006-11-28,23.98,24.08,23.9,23.95,16200
3222,2006-11-27,23.9,24.59,23.89,24.02,26800
3223,2006-11-24,23.8,23.96,23.76,23.89,8700
3224,2006-11-22,23.58,23.86,23.45,23.57,29200
3225,2006-11-21,23.51,23.97,23.5091,23.76,34000
3226,2006-11-20,23.7,23.87,23.5,23.51,46200
3227,2006-11-17,24.0,24.23,23.78,23.87,42100
3228,2006-11-16,24.39,24.6,24.16,24.17,14200
3229,2006-11-15,24.1,24.7,24.0,24.53,17600
3230,2006-11-14,23.91,24.2,23.8,24.13,44800
3231,2006-11-13,24.45,24.65,23.75,24.1,50800
3232,2006-11-10,24.99,24.99,24.25,24.43,21500
3233,2006-11-09,25.23,25.23,24.25,24.49,69700
3234,2006-11-08,24.68,25.11,24.46,25.11,26800
3235,2006-11-07,24.15,24.99,24.06,24.86,25100
3236,2006-11-06,25.25,25.25,24.21,24.508,47500
3237,2006-11-03,24.99,25.1,24.49,24.89,17700
3238,2006-11-02,25.15,25.3275,24.04,24.25,32000
3239,2006-11-01,24.32,25.18,24.32,24.42,28400
3240,2006-10-31,24.9799,24.98,24.35,24.74,60300
3241,2006-10-30,25.29,25.2902,24.76,24.76,23500
3242,2006-10-27,25.45,25.47,25.22,25.38,26800
3243,2006-10-26,25.84,25.84,25.45,25.55,18100
3244,2006-10-25,25.21,25.86,25.209,25.5,36800
3245,2006-10-24,25.46,25.6006,25.21,25.27,18400
3246,2006-10-23,25.52,26.0,25.2489,25.59,24900
3247,2006-10-20,26.0,26.05,25.434,26.0,24100
3248,2006-10-19,25.95,26.0,25.04,26.0,46100
3249,2006-10-18,26.59,26.7,25.75,25.95,47900
3250,2006-10-17,26.53,26.62,25.89,26.5,40900
3251,2006-10-16,25.51,26.4,25.51,26.4,25800
3252,2006-10-13,25.25,26.0,25.23,25.9,36400
3253,2006-10-12,25.0,25.15,24.7,25.15,48800
3254,2006-10-11,25.32,25.61,24.5,24.68,40200
3255,2006-10-10,24.5,25.63,24.5,25.17,23800
3256,2006-10-09,24.73,24.79,24.5,24.597,56900
3257,2006-10-06,24.9,25.46,24.62,24.73,37900
3258,2006-10-05,24.2,24.98,24.2,24.97,37800
3259,2006-10-04,24.8111,24.81,24.0,24.49,66400
3260,2006-10-03,25.2,25.2298,24.48,24.63,46800
3261,2006-10-02,25.15,25.53,25.117,25.23,24100
3262,2006-09-29,25.4,25.75,25.4,25.75,33600
3263,2006-09-28,25.74,25.74,25.34,25.44,26000
3264,2006-09-27,25.77,25.77,24.65,25.25,71900
3265,2006-09-26,24.32,25.2,24.32,25.07,53700
3266,2006-09-25,23.87,25.085,23.75,24.5,114500
3267,2006-09-22,25.68,25.68,25.0,25.09,71600
3268,2006-09-21,25.43,25.5898,25.25,25.5,54700
3269,2006-09-20,26.31,26.57,25.46,25.46,49400
3270,2006-09-19,26.17,26.401,26.05,26.1,46100
3271,2006-09-18,26.05,27.02,25.99,25.99,41000
3272,2006-09-15,26.26,26.42,25.82,25.9,71100
3273,2006-09-14,28.0,28.0,26.25,26.48,56000
3274,2006-09-13,26.83,27.32,26.7,27.28,21700
3275,2006-09-12,26.6,26.92,26.5,26.65,25300
3276,2006-09-11,28.0,28.06,26.5,26.87,55300
3277,2006-09-08,28.4,28.4,28.0,28.0,26300
3278,2006-09-07,29.27,29.27,28.3,28.36,52300
3279,2006-09-06,29.3,29.3,29.0,29.07,49300
3280,2006-09-05,29.29,29.2941,28.81,29.16,90900
3281,2006-09-01,28.88,28.88,28.42,28.55,45700
3282,2006-08-31,28.51,28.55,28.3,28.5,25200
3283,2006-08-30,28.5,28.99,28.3,28.35,31600
3284,2006-08-29,29.0,29.0021,28.54,28.55,47300
3285,2006-08-28,28.54,29.13,28.3,28.8,79300
3286,2006-08-25,28.0,28.35,27.8993,28.3,18200
3287,2006-08-24,27.98,28.0,27.77,27.91,16200
3288,2006-08-23,28.2481,28.25,27.8,27.83,24700
3289,2006-08-22,27.76,28.1,27.58,27.94,16200
3290,2006-08-21,28.0,28.0,27.29,27.7,39100
3291,2006-08-18,26.8406,27.49,26.84,27.49,4900
3292,2006-08-17,27.7,27.8,26.84,27.02,17800
3293,2006-08-16,27.74,27.79,26.8999,27.2,32900
3294,2006-08-15,27.4999,27.75,27.315,27.65,15100
3295,2006-08-14,27.75,27.89,27.06,27.39,25800
3296,2006-08-11,27.3,27.75,27.16,27.6,24500
3297,2006-08-10,27.74,27.7508,27.0,27.259,18000
3298,2006-08-09,27.35,27.75,26.85,27.75,51000
3299,2006-08-08,27.4,27.4,26.92,27.31,58900
3300,2006-08-07,27.2,27.4,27.02,27.3,16400
3301,2006-08-04,27.33,27.33,26.93,27.232,25000
3302,2006-08-03,27.4,27.4,26.7,26.84,25800
3303,2006-08-02,27.13,27.3295,27.05,27.14,27300
3304,2006-08-01,26.8296,27.24,26.75,26.89,12900
3305,2006-07-31,27.05,27.29,26.8,27.01,51700
3306,2006-07-28,26.95,26.9993,26.24,26.72,10400
3307,2006-07-27,26.88,27.05,26.48,26.62,18700
3308,2006-07-26,26.2489,27.15,25.998,26.35,61300
3309,2006-07-25,25.95,26.25,25.69,26.0,32600
3310,2006-07-24,25.89,25.99,25.76,25.86,6500
3311,2006-07-21,25.66,25.9,25.063,25.73,16200
3312,2006-07-20,26.61,26.64,25.6107,25.9,44900
3313,2006-07-19,27.69,27.69,26.84,26.86,68900
3314,2006-07-18,27.25,27.5,26.96,27.42,49200
3315,2006-07-17,27.24,27.35,26.96,27.22,37300
3316,2006-07-14,27.09,27.31,26.78,26.97,24600
3317,2006-07-13,25.87,27.06,25.87,27.05,26000
3318,2006-07-12,25.75,26.15,25.71,25.86,16200
3319,2006-07-11,25.4,25.75,25.06,25.69,12700
3320,2006-07-10,25.25,25.47,25.05,25.26,24600
3321,2006-07-07,25.16,25.34,25.07,25.17,15300
3322,2006-07-06,25.15,25.47,25.09,25.47,14900
3323,2006-07-05,25.66,25.7,24.97,25.0,48600
3324,2006-07-03,24.94,25.521,24.77,25.521,2700
3325,2006-06-30,25.49,25.79,24.78,25.11,10100
3326,2006-06-29,25.35,25.7,24.73,25.27,38800
3327,2006-06-28,25.57,25.7,24.5,25.32,23500
3328,2006-06-27,24.64,25.67,24.52,25.25,15500
3329,2006-06-26,24.27,24.6,24.08,24.6,9800
3330,2006-06-23,23.9,24.31,23.89,24.0,40800
3331,2006-06-22,25.81,25.81,23.8,23.88,57600
3332,2006-06-21,25.39,25.3897,24.17,24.24,13300
3333,2006-06-20,24.1478,24.71,24.15,24.38,4200
3334,2006-06-19,24.31,24.49,24.0,24.15,14300
3335,2006-06-16,24.57,24.57,24.0,24.13,87300
3336,2006-06-15,24.02,24.88,23.8,24.0,75000
3337,2006-06-14,23.97,24.33,23.85,23.9,49500
3338,2006-06-13,24.77,24.77,24.0,24.07,16100
3339,2006-06-12,25.18,25.7207,24.5,24.74,13000
3340,2006-06-09,24.91,25.3,24.88,24.9,12400
3341,2006-06-08,25.4205,25.42,24.55,24.9,16200
3342,2006-06-07,25.21,25.99,25.01,25.29,23800
3343,2006-06-06,25.7,25.7,25.0,25.3,36400
3344,2006-06-05,25.5,25.94,25.0,25.94,6600
3345,2006-06-02,25.13,25.7,25.13,25.5,15700
3346,2006-06-01,25.0,25.24,25.0,25.24,4300
3347,2006-05-31,25.14,25.25,24.9096,25.1,12200
3348,2006-05-30,25.12,25.465,24.93,25.4,16200
3349,2006-05-26,25.5,25.7199,24.8,25.0,22200
3350,2006-05-25,24.64,25.0,24.63,24.94,10200
3351,2006-05-24,25.09,25.15,24.5,24.63,13800
3352,2006-05-23,25.7093,25.71,24.7,24.91,42800
3353,2006-05-22,25.5,25.5,24.66,25.13,8100
3354,2006-05-19,25.32,25.82,24.31,25.55,31600
3355,2006-05-18,25.08,25.74,24.77,24.99,39000
3356,2006-05-17,25.56,25.9208,24.78,24.79,39600
3357,2006-05-16,25.7502,25.75,24.93,25.45,31900
3358,2006-05-15,26.0,26.113,25.0,25.75,31300
3359,2006-05-12,26.97,26.97,26.09,26.66,13900
3360,2006-05-11,26.99,27.0,25.73,26.75,21300
3361,2006-05-10,25.79,26.45,25.5,26.08,15900
3362,2006-05-09,26.44,27.13,25.87,26.13,30300
3363,2006-05-08,26.57,26.91,26.4,26.47,37400
3364,2006-05-05,26.95,27.164,26.74,26.99,15900
3365,2006-05-04,26.25,26.75,25.81,26.75,14500
3366,2006-05-03,26.81,26.81,26.05,26.25,16300
3367,2006-05-02,26.41,27.25,26.38,26.71,50900
3368,2006-05-01,26.16,26.41,25.26,26.04,45600
3369,2006-04-28,25.95,26.663,25.8,26.36,32200
3370,2006-04-27,26.94,26.94,24.77,26.1,39800
3371,2006-04-26,28.25,28.25,26.9,27.06,75800
3372,2006-04-25,27.4,27.4,26.82,26.95,47800
3373,2006-04-24,27.86,27.86,27.0,27.3,33600
3374,2006-04-21,27.81,27.9,27.51,27.65,28500
3375,2006-04-20,27.7,27.8,27.4,27.611,22000
3376,2006-04-19,27.4,27.73,27.3,27.4,47800
3377,2006-04-18,27.39,27.8571,26.95,27.4,25300
3378,2006-04-17,27.0,27.27,26.81,26.93,28600
3379,2006-04-13,26.9,27.285,26.82,26.96,36200
3380,2006-04-12,26.66,27.0,26.56,26.82,6200
3381,2006-04-11,26.74,27.0,26.47,26.81,22700
3382,2006-04-10,26.58,27.0,26.33,26.968,30800
3383,2006-04-07,26.5,26.84,26.5,26.58,25600
3384,2006-04-06,26.1,27.0316,26.1,26.61,28300
3385,2006-04-05,26.1,26.94,26.1,26.14,29700
3386,2006-04-04,26.34,26.34,25.8,26.1,19700
3387,2006-04-03,27.0,27.0,26.05,26.1,72000
3388,2006-03-31,27.0,27.25,26.6,27.25,28900
3389,2006-03-30,26.25,26.98,26.25,26.85,22700
3390,2006-03-29,25.64,26.25,25.22,26.25,45400
3391,2006-03-28,25.3,25.47,24.95,25.4,31600
3392,2006-03-27,25.02,25.02,24.51,24.76,22600
3393,2006-03-24,24.88,25.07,24.66,25.01,22300
3394,2006-03-23,24.31,24.7514,24.0,24.4,26400
3395,2006-03-22,24.25,25.01,23.91,24.14,36000
3396,2006-03-21,24.76,24.95,23.95,24.16,38700
3397,2006-03-20,24.99,25.4,24.9,24.9,14500
3398,2006-03-17,24.85,25.1,23.8,25.1,23600
3399,2006-03-16,25.1,25.126,24.75,24.826,20600
3400,2006-03-15,24.99,25.14,24.72,24.75,30100
3401,2006-03-14,24.5,25.23,24.27,25.15,29400
3402,2006-03-13,23.8,24.63,23.57,24.41,32100
3403,2006-03-10,23.8,24.39,23.0,23.8,58800
3404,2006-03-09,24.03,24.25,23.62,23.8,42200
3405,2006-03-08,24.5,24.7,24.0,24.03,69200
3406,2006-03-07,25.22,25.35,24.5026,24.85,83000
3407,2006-03-06,25.75,25.75,24.87,25.03,42100
3408,2006-03-03,25.49,26.54,25.49,25.96,11900
3409,2006-03-02,25.23,26.45,25.05,26.45,31500
3410,2006-03-01,25.0,25.239,25.0,25.239,24400
3411,2006-02-28,25.48,25.98,25.0,25.18,23100
3412,2006-02-27,25.95,25.95,25.21,25.21,29400
3413,2006-02-24,25.94,25.9991,25.15,25.69,29700
3414,2006-02-23,27.5,27.5,25.56,25.76,61200
3415,2006-02-22,27.25,27.47,27.05,27.2,15000
3416,2006-02-21,26.86,27.26,26.1,27.25,50600
3417,2006-02-17,25.5,26.1,25.5,26.1,11900
3418,2006-02-16,25.9,25.9,25.27,25.3,29100
3419,2006-02-15,24.9,25.66,24.5009,25.35,50500
3420,2006-02-14,25.11,25.29,24.75,25.0,38100
3421,2006-02-13,25.54,25.54,25.0,25.11,28500
3422,2006-02-10,26.68,26.6796,24.95,25.35,71600
3423,2006-02-09,27.04,27.04,25.75,25.98,14500
3424,2006-02-08,26.93,26.93,25.97,26.11,55600
3425,2006-02-07,27.5607,28.0,26.16,26.77,37300
3426,2006-02-06,27.89,27.89,27.275,27.56,16700
3427,2006-02-03,27.95,27.96,27.0,27.54,10800
3428,2006-02-02,28.0,28.0,27.2513,27.808,18700
3429,2006-02-01,28.0,28.0,27.511,27.99,9900
3430,2006-01-31,28.2,28.2,26.83,27.72,41200
3431,2006-01-30,27.5,28.13,26.69,27.99,36800
3432,2006-01-27,27.01,27.5,26.9668,27.2,17900
3433,2006-01-26,29.0,29.0,26.18,27.3,43700
3434,2006-01-25,28.65,28.65,28.0,28.08,63600
3435,2006-01-24,27.98,28.42,27.16,27.99,60400
3436,2006-01-23,27.0,27.14,26.85,27.03,89700
3437,2006-01-20,26.93,27.75,26.6693,27.0,25200
3438,2006-01-19,27.5,27.5,26.8,27.0,75300
3439,2006-01-18,26.548,27.0,26.42,26.99,50300
3440,2006-01-17,26.89,27.0,26.2,26.761,12800
3441,2006-01-13,26.04,27.0,26.04,26.41,11000
3442,2006-01-12,26.95,27.0,26.42,26.58,16000
3443,2006-01-11,26.83,26.95,26.51,26.94,23400
3444,2006-01-10,27.0,27.0,26.63,26.795,26100
3445,2006-01-09,27.49,27.49,26.53,26.73,44200
3446,2006-01-06,25.75,27.001,25.5,26.95,22600
3447,2006-01-05,25.9595,25.96,25.5,25.726,29100
3448,2006-01-04,26.4395,26.5,25.58,25.96,13700
3449,2006-01-03,25.39,26.99,25.0,25.72,47000
3450,2005-12-30,25.0,25.62,25.0,25.47,8500
3451,2005-12-29,24.5,25.46,24.5013,25.27,54500
3452,2005-12-28,25.01,25.01,24.0511,24.67,71800
3453,2005-12-27,25.23,25.4,24.56,25.0,61700
3454,2005-12-23,25.81,25.81,25.25,25.4,14400
3455,2005-12-22,26.0,26.0,25.52,25.6,16800
3456,2005-12-21,25.77,26.0,25.65,25.89,32800
3457,2005-12-20,25.77,26.74,25.77,26.07,7100
3458,2005-12-19,26.15,26.87,25.7,25.94,44600
3459,2005-12-16,26.58,26.58,25.9,26.0,21200
3460,2005-12-15,26.95,26.95,26.35,26.43,26200
3461,2005-12-14,26.44,26.972,26.105,26.87,19100
3462,2005-12-13,27.0,27.0,26.44,26.44,26800
3463,2005-12-12,27.0,27.0,26.78,27.0,14500
3464,2005-12-09,26.6011,27.39,26.25,27.0,12600
3465,2005-12-08,26.5,26.87,25.92,26.5,57100
3466,2005-12-07,26.07,27.136,25.95,26.46,20400
3467,2005-12-06,26.1,26.5,25.83,25.96,7100
3468,2005-12-05,26.99,26.99,26.08,26.09,34200
3469,2005-12-02,25.7,26.49,25.7,26.16,35500
3470,2005-12-01,25.74,27.0,25.72,26.07,33400
3471,2005-11-30,26.0,26.72,25.92,26.44,57800
3472,2005-11-29,25.75,26.0,25.49,25.9,9800
3473,2005-11-28,26.5,26.5,25.38,25.95,5000
3474,2005-11-25,26.5,26.5,26.4,26.4,1200
3475,2005-11-23,26.1,26.831,25.41,26.77,36400
3476,2005-11-22,26.05,26.17,25.06,26.09,42900
3477,2005-11-21,25.35,25.95,25.351,25.9,10600
3478,2005-11-18,25.9,26.05,24.81,25.26,19400
3479,2005-11-17,25.72,26.043,25.52,25.9,8500
3480,2005-11-16,25.78,26.0,25.63,26.0,10100
3481,2005-11-15,24.57,25.77,24.55,25.7,22400
3482,2005-11-14,25.0608,25.06,24.1,24.97,36000
3483,2005-11-11,25.21,25.5,25.04,25.04,17400
3484,2005-11-10,26.35,26.35,25.2611,25.42,24200
3485,2005-11-09,25.72,25.7502,25.55,25.75,9900
3486,2005-11-08,25.816,26.0,25.55,25.75,26400
3487,2005-11-07,26.36,26.36,25.31,25.71,31000
3488,2005-11-04,26.66,26.66,26.3,26.45,8900
3489,2005-11-03,27.0,27.0,25.38,26.46,26600
3490,2005-11-02,26.01,26.65,26.0,26.64,15400
3491,2005-11-01,25.5888,26.3,25.59,26.0,13500
3492,2005-10-31,25.95,26.4,25.1,26.4,22300
3493,2005-10-28,26.94,26.94,26.0,26.3,32500
3494,2005-10-27,27.59,27.59,26.59,26.82,8600
3495,2005-10-26,28.94,29.5,26.4886,26.7,31400
3496,2005-10-25,26.44,27.0,26.394,26.99,41300
3497,2005-10-24,26.54,26.88,26.5,26.67,15800
3498,2005-10-21,27.15,27.35,25.95,26.71,12400
3499,2005-10-20,27.29,27.76,26.54,27.13,16400
3500,2005-10-19,27.22,27.9811,27.11,27.44,37400
3501,2005-10-18,28.66,28.66,27.4,27.46,20600
3502,2005-10-17,28.0,28.0,27.52,27.98,11000
3503,2005-10-14,27.97,27.9719,27.508,27.97,13100
3504,2005-10-13,27.93,27.97,27.0,27.809,15400
3505,2005-10-12,27.97,27.97,27.71,27.96,11000
3506,2005-10-11,27.8,28.0,27.8,28.0,9000
3507,2005-10-10,28.41,28.41,27.45,28.0,7500
3508,2005-10-07,26.63,30.5,26.63,27.89,30300
3509,2005-10-06,30.42,30.42,25.73,27.2,50500
3510,2005-10-05,29.9984,30.0,29.278,29.74,16700
3511,2005-10-04,30.5,30.5,29.85,29.91,18800
3512,2005-10-03,30.1,30.59,30.1,30.49,29200
3513,2005-09-30,30.2526,30.72,29.88,30.65,20600
3514,2005-09-29,29.9,30.1961,29.704,30.11,34600
3515,2005-09-28,29.13,29.902,28.25,29.8,25500
3516,2005-09-27,28.55,29.11,28.224,29.11,8000
3517,2005-09-26,29.06,29.06,27.3018,28.16,39300
3518,2005-09-23,28.3485,28.75,27.3,28.75,9700
3519,2005-09-22,29.28,29.28,28.26,28.36,12900
3520,2005-09-21,28.0,29.29,28.0031,28.82,19700
3521,2005-09-20,28.0,28.32,27.49,27.92,25000
3522,2005-09-19,26.29,28.21,26.25,27.98,17800
3523,2005-09-16,26.5,27.02,26.1,26.53,35500
3524,2005-09-15,26.84,27.02,26.52,26.74,20900
3525,2005-09-14,27.24,27.6,26.62,26.86,36500
3526,2005-09-13,28.14,28.42,27.0,27.52,37500
3527,2005-09-12,27.838,28.11,27.75,28.0,17200
3528,2005-09-09,28.22,28.22,27.7,27.79,23200
3529,2005-09-08,27.42,28.0,27.3,28.0,13000
3530,2005-09-07,27.0,27.78,27.0,27.22,26700
3531,2005-09-06,26.7,27.78,26.57,27.0,10600
3532,2005-09-02,26.52,27.34,26.518,26.7,8400
3533,2005-09-01,26.87,26.87,26.52,26.59,47300
3534,2005-08-31,27.25,27.33,26.51,26.61,33700
3535,2005-08-30,27.34,27.61,26.7,27.08,25300
3536,2005-08-29,27.15,27.15,26.5,26.51,34000
3537,2005-08-26,27.01,27.29,26.85,27.0,13500
3538,2005-08-25,27.47,27.48,26.598,27.1,13200
3539,2005-08-24,27.0,27.48,26.82,27.19,31100
3540,2005-08-23,27.6,27.6,26.2509,27.0,43200
3541,2005-08-22,25.23,26.0,25.23,25.81,24800
3542,2005-08-19,25.49,25.49,24.64,25.24,30800
3543,2005-08-18,25.26,25.4,24.65,25.2,9600
3544,2005-08-17,25.5,25.5,25.27,25.29,22000
3545,2005-08-16,25.2,25.45,25.2,25.4,19200
3546,2005-08-15,24.69,25.48,24.61,25.15,27100
3547,2005-08-12,24.52,24.6921,24.35,24.69,15800
3548,2005-08-11,24.5,24.54,24.25,24.498,77000
3549,2005-08-10,24.5,24.52,24.14,24.5,90500
3550,2005-08-09,24.3,24.45,24.12,24.33,21700
3551,2005-08-08,24.64,24.64,24.3,24.4,52000
3552,2005-08-05,24.6,24.6,24.25,24.25,34900
3553,2005-08-04,24.54,24.5395,24.17,24.25,36200
3554,2005-08-03,24.5,24.55,24.05,24.5,73600
3555,2005-08-02,24.44,24.49,24.27,24.49,8500
3556,2005-08-01,24.68,24.68,24.0,24.35,27900
3557,2005-07-29,24.14,24.15,23.96,24.13,7700
3558,2005-07-28,23.82,24.03,23.65,24.03,18500
3559,2005-07-27,24.52,24.52,23.5,23.65,25300
3560,2005-07-26,24.2,24.2,23.9015,24.0,38400
3561,2005-07-25,24.4,24.4,24.01,24.2,8500
3562,2005-07-22,24.45,24.45,24.211,24.39,13500
3563,2005-07-21,24.41,24.41,23.73,24.14,18700
3564,2005-07-20,24.71,25.4,24.56,25.28,45800
3565,2005-07-19,24.45,25.89,24.2,24.9,67000
3566,2005-07-18,24.45,24.45,24.15,24.21,16400
3567,2005-07-15,24.42,24.4194,24.17,24.25,30300
3568,2005-07-14,23.9,24.3,23.9,24.11,28300
3569,2005-07-13,23.9,24.02,23.9,23.99,48900
3570,2005-07-12,24.45,24.45,23.82,24.02,34400
3571,2005-07-11,23.93,24.0192,23.85,24.02,16200
3572,2005-07-08,23.86,24.02,23.86,23.93,32900
3573,2005-07-07,24.3,24.3,23.72,23.82,72700
3574,2005-07-06,23.99,24.05,23.75,23.89,90400
3575,2005-07-05,23.91,23.9984,23.77,23.88,20100
3576,2005-07-01,24.3,24.3,23.71,23.72,32500
3577,2005-06-30,23.24,24.0,23.24,23.924,2600
3578,2005-06-29,24.5,24.5,23.03,23.89,24900
3579,2005-06-28,23.9891,24.0,23.804,24.0,7400
3580,2005-06-27,23.75,24.05,23.75,24.0,24100
3581,2005-06-24,23.7,24.0,23.7,23.7,36000
3582,2005-06-23,23.66,23.9996,23.66,23.75,22500
3583,2005-06-22,24.0,24.34,22.11,24.02,52000
3584,2005-06-21,23.5,23.9,23.4199,23.42,35000
3585,2005-06-20,23.5,23.84,23.01,23.42,49100
3586,2005-06-17,23.5,23.5,23.0,23.25,49900
3587,2005-06-16,23.55,23.59,23.2,23.2,51800
3588,2005-06-15,22.63,23.54,22.63,23.43,73700
3589,2005-06-14,23.05,23.25,22.21,23.09,65000
3590,2005-06-13,21.97,22.5,21.958,22.2,55900
3591,2005-06-10,22.15,22.5,21.6,21.99,49300
3592,2005-06-09,21.9,22.15,21.63,21.76,10400
3593,2005-06-08,21.729,21.959,21.679,21.9,13600
3594,2005-06-07,21.382,22.1,21.382,21.73,24400
3595,2005-06-06,22.1,22.1,21.35,21.5,14600
3596,2005-06-03,21.22,21.74,21.22,21.32,22600
3597,2005-06-02,22.1509,22.15,21.07,21.22,13300
3598,2005-06-01,22.15,22.1499,21.5,21.68,30300
3599,2005-05-31,22.15,22.15,21.45,21.5,21600
3600,2005-05-27,21.2518,22.0,21.21,21.47,30700
3601,2005-05-26,22.0,22.0,21.26,21.4,31400
3602,2005-05-25,21.58,21.85,21.5,21.5,13400
3603,2005-05-24,21.79,21.99,21.66,21.66,10600
3604,2005-05-23,21.77,22.0,21.75,21.784,7300
3605,2005-05-20,21.776,22.0,21.61,21.77,9500
3606,2005-05-19,21.58,22.23,21.56,21.86,13600
3607,2005-05-18,22.01,22.11,21.7,21.86,14600
3608,2005-05-17,22.0,22.0,21.6,21.99,4200
3609,2005-05-16,21.25,22.0,21.25,22.0,10200
3610,2005-05-13,23.97,23.97,21.4992,21.73,31000
3611,2005-05-12,22.11,22.3081,21.8,21.85,12200
3612,2005-05-11,22.96,22.96,21.81,22.049,18500
3613,2005-05-10,22.0,22.5,22.0,22.0,9000
3614,2005-05-09,23.04,23.04,21.63,22.01,20300
3615,2005-05-06,22.779,22.9094,21.65,21.81,17200
3616,2005-05-05,21.93,22.58,21.67,22.11,19800
3617,2005-05-04,22.6,22.6,21.77,21.91,11100
3618,2005-05-03,21.5,23.07,21.35,22.5,41600
3619,2005-05-02,22.5,22.5,21.6,21.75,11200
3620,2005-04-29,22.5303,22.53,22.04,22.43,7700
3621,2005-04-28,22.35,23.0,22.1,22.64,41700
3622,2005-04-27,22.44,22.95,22.18,22.69,18200
3623,2005-04-26,23.01,23.01,22.7,22.85,27700
3624,2005-04-25,22.41,23.05,22.41,23.05,14500
3625,2005-04-22,22.2899,22.99,22.29,22.739,6900
3626,2005-04-21,22.45,22.95,22.45,22.55,13000
3627,2005-04-20,22.248,22.9919,22.248,22.92,10100
3628,2005-04-19,22.26,22.892,22.23,22.72,14900
3629,2005-04-18,22.25,22.34,21.8,22.13,10400
3630,2005-04-15,21.76,22.29,21.76,22.09,13000
3631,2005-04-14,21.9107,22.62,21.91,22.03,13600
3632,2005-04-13,22.1,23.0,22.0,22.07,15400
3633,2005-04-12,21.9,22.586,21.9,22.35,14900
3634,2005-04-11,22.01,23.0004,22.01,22.99,13000
3635,2005-04-08,22.94,22.94,22.07,22.5,19000
3636,2005-04-07,22.93,23.403,22.93,23.25,7200
3637,2005-04-06,23.11,23.3,22.86,23.3,5600
3638,2005-04-05,22.59,23.35,22.31,23.35,8700
3639,2005-04-04,22.03,22.84,22.03,22.591,18400
3640,2005-04-01,21.87,22.4,21.82,22.4,40800
3641,2005-03-31,22.49,22.5,21.81,22.15,58000
3642,2005-03-30,22.18,22.51,21.77,22.19,9400
3643,2005-03-29,22.11,22.32,21.98,22.17,50100
3644,2005-03-28,21.95,22.544,21.95,22.51,9000
3645,2005-03-24,21.66,22.7799,21.1,22.299,24800
3646,2005-03-23,22.84,22.84,21.59,21.96,30400
3647,2005-03-22,23.0,23.39,22.85,22.9,28700
3648,2005-03-21,23.55,23.55,22.91,22.951,8100
3649,2005-03-18,23.48,23.48,23.0,23.32,70700
3650,2005-03-17,24.2501,24.25,23.35,23.53,17000
3651,2005-03-16,23.1603,23.727,23.13,23.7,5900
3652,2005-03-15,23.4,23.62,23.02,23.619,38900
3653,2005-03-14,23.74,24.29,23.41,23.56,32500
3654,2005-03-11,24.2404,24.24,23.7,23.75,6400
3655,2005-03-10,23.82,23.95,23.71,23.95,11400
3656,2005-03-09,23.87,23.95,23.8,23.81,12600
3657,2005-03-08,23.56,24.0,23.56,23.77,18000
3658,2005-03-07,23.33,23.96,23.2,23.713,47700
3659,2005-03-04,23.05,23.25,22.78,23.17,72200
3660,2005-03-03,23.178,23.179,22.856,23.0,15600
3661,2005-03-02,22.92,23.12,22.764,23.09,13700
3662,2005-03-01,23.0382,23.05,22.94,23.04,29000
3663,2005-02-28,23.0,23.12,22.87,23.01,29000
3664,2005-02-25,22.86,23.0,22.75,22.88,12500
3665,2005-02-24,22.871,22.8914,22.301,22.5,41600
3666,2005-02-23,23.12,23.15,22.75,23.07,34500
3667,2005-02-22,23.3,23.39,22.75,23.0,31900
3668,2005-02-18,23.869,23.99,23.29,23.41,12800
3669,2005-02-17,23.43,23.56,23.24,23.26,34700
3670,2005-02-16,23.98,23.98,23.49,23.5,33600
3671,2005-02-15,23.65,24.049,23.42,23.62,21000
3672,2005-02-14,23.65,23.8991,23.65,23.87,13700
3673,2005-02-11,24.44,24.44,24.1,24.1,37400
3674,2005-02-10,24.0,24.33,23.8216,24.23,8700
3675,2005-02-09,24.317,24.317,24.2,24.2,17400
3676,2005-02-08,24.69,24.82,24.26,24.3,16100
3677,2005-02-07,24.49,24.5,24.1998,24.21,12500
3678,2005-02-04,24.29,24.29,24.15,24.2,9800
3679,2005-02-03,24.29,24.3,24.02,24.1,13000
3680,2005-02-02,24.02,24.3,24.02,24.3,15700
3681,2005-02-01,24.0,24.249,24.0,24.236,3800
3682,2005-01-31,23.865,24.24,23.8652,24.18,17300
3683,2005-01-28,24.25,24.25,23.47,24.18,17400
3684,2005-01-27,24.0,24.2991,24.0,24.24,22000
3685,2005-01-26,23.871,24.0,23.861,23.99,6800
3686,2005-01-25,23.96,23.96,23.76,23.9,8400
3687,2005-01-24,24.0,24.0,23.65,23.97,8400
3688,2005-01-21,23.76,23.99,23.75,23.959,9400
3689,2005-01-20,24.0,24.0,23.65,23.76,15400
3690,2005-01-19,23.9,23.9,23.51,23.69,6800
3691,2005-01-18,23.03,23.964,23.03,23.95,7900
3692,2005-01-14,23.34,23.5,23.32,23.5,8400
3693,2005-01-13,23.01,23.6,23.01,23.509,2900
3694,2005-01-12,23.87,23.87,23.436,23.51,8400
3695,2005-01-11,23.3091,23.31,23.025,23.3,5000
3696,2005-01-10,23.463,23.52,22.54,23.24,12000
3697,2005-01-07,23.25,23.518,23.0,23.518,7300
3698,2005-01-06,22.15,23.239,22.03,23.239,26100
3699,2005-01-05,22.75,22.7598,22.33,22.36,6000
3700,2005-01-04,23.73,23.73,22.7199,22.99,16500
3701,2005-01-03,23.5,23.89,23.1,23.45,10500
3702,2004-12-31,23.5022,23.92,23.5,23.92,7100
3703,2004-12-30,23.94,23.94,23.65,23.65,1200
3704,2004-12-29,23.449,23.889,23.449,23.889,600
3705,2004-12-28,23.37,23.5,23.36,23.5,8300
3706,2004-12-27,23.25,23.4907,23.25,23.49,1800
3707,2004-12-23,23.4,23.4,23.3992,23.4,1600
3708,2004-12-22,23.4,23.734,23.4,23.5,8300
3709,2004-12-21,23.4,23.95,23.4,23.84,6000
3710,2004-12-20,23.59,23.939,23.34,23.811,9800
3711,2004-12-17,23.01,23.59,23.01,23.59,12400
3712,2004-12-16,24.01,24.01,23.0,23.44,7500
3713,2004-12-15,23.2,23.25,23.17,23.17,4300
3714,2004-12-14,23.99,23.99,22.801,23.01,5300
3715,2004-12-13,23.623,23.74,23.09,23.124,8200
3716,2004-12-10,22.76,23.69,22.76,23.67,3800
3717,2004-12-09,23.0,23.0,22.75,22.909,4700
3718,2004-12-08,22.76,23.059,21.77,22.75,11000
3719,2004-12-07,23.4,23.4,22.76,22.823,17800
3720,2004-12-06,22.76,23.37,22.76,23.27,4600
3721,2004-12-03,22.75,23.2,22.7501,23.2,9500
3722,2004-12-02,24.25,24.25,22.55,22.97,29200
3723,2004-12-01,24.15,24.25,24.139,24.24,12100
3724,2004-11-30,23.6,24.15,23.6,24.11,9700
3725,2004-11-29,23.95,24.15,23.642,24.0,37900
3726,2004-11-26,23.7,23.95,23.7,23.95,15500
3727,2004-11-24,23.75,23.75,23.49,23.649,8100
3728,2004-11-23,23.44,23.6482,23.2,23.65,10300
3729,2004-11-22,23.0,23.4405,23.0,23.439,9800
3730,2004-11-19,23.24,23.35,23.02,23.11,5500
3731,2004-11-18,23.24,23.2495,22.9,23.25,3100
3732,2004-11-17,23.2683,23.379,23.03,23.04,5000
3733,2004-11-16,23.16,23.4,23.16,23.39,10300
3734,2004-11-15,23.0,23.25,22.89,23.15,13200
3735,2004-11-12,22.99,23.0,22.91,23.0,6200
3736,2004-11-11,23.0,23.0,22.999,23.0,2500
3737,2004-11-10,23.22,23.22,22.8597,22.88,20800
3738,2004-11-09,23.1814,23.22,22.65,23.22,9000
3739,2004-11-08,22.97,23.37,22.761,23.17,10900
3740,2004-11-05,22.621,23.44,22.02,22.68,7400
3741,2004-11-04,23.6495,23.65,21.761,22.85,13800
3742,2004-11-03,23.47,23.64,23.011,23.58,21200
3743,2004-11-02,23.0,23.0,21.67,22.26,8600
3744,2004-11-01,23.34,23.34,22.52,22.75,11100
3745,2004-10-29,23.0,23.37,22.531,22.92,21000
3746,2004-10-28,23.18,23.2852,23.0,23.0,8500
3747,2004-10-27,23.0,23.44,23.0,23.2,12900
3748,2004-10-26,22.5,23.3,21.911,23.3,12800
3749,2004-10-25,22.9891,23.35,22.75,22.75,7600
3750,2004-10-22,22.49,22.99,22.02,22.59,16900
3751,2004-10-21,23.97,23.97,22.2406,22.58,23600
3752,2004-10-20,23.71,23.99,22.71,23.15,60400
3753,2004-10-19,22.73,23.72,22.73,23.18,18600
3754,2004-10-18,22.91,24.94,22.01,23.72,48600
3755,2004-10-15,22.26,22.9989,22.26,22.74,8900
3756,2004-10-14,21.25,23.0,21.25,23.0,19900
3757,2004-10-13,22.06,22.06,21.02,21.67,23500
3758,2004-10-12,22.34,22.34,22.05,22.06,9800
3759,2004-10-11,22.99,23.1,21.74,22.41,23800
3760,2004-10-08,22.94,23.84,22.26,22.65,43500
3761,2004-10-07,20.2,23.45,20.2002,23.29,11400
3762,2004-10-06,20.55,21.36,20.55,21.36,23100
3763,2004-10-05,20.2,20.55,20.2,20.4,14100
3764,2004-10-04,20.51,20.51,20.25,20.25,8100
3765,2004-10-01,20.3008,20.31,20.23,20.31,14400
3766,2004-09-30,20.29,20.3004,20.269,20.27,5200
3767,2004-09-29,20.5,20.53,20.2509,20.28,12200
3768,2004-09-28,20.06,20.35,20.06,20.3,14600
3769,2004-09-27,19.989,20.3507,19.91,20.05,20700
3770,2004-09-24,20.0,20.0,19.6,19.7,27000
3771,2004-09-23,20.0,20.0,19.85,19.99,5000
3772,2004-09-22,20.05,20.1,19.85,19.99,10400
3773,2004-09-21,19.85,20.0,19.85,19.95,6000
3774,2004-09-20,20.18,20.18,19.6,20.0,7900
3775,2004-09-17,20.0,20.0,19.75,19.989,8000
3776,2004-09-16,19.99,20.0,19.99,20.0,2300
3777,2004-09-15,19.6,20.0,19.6,20.0,28700
3778,2004-09-14,19.71,19.85,19.31,19.84,26900
3779,2004-09-13,19.1815,19.99,19.18,19.42,28200
3780,2004-09-10,19.5,19.75,19.12,19.75,6800
3781,2004-09-09,19.5903,19.88,19.33,19.88,5000
3782,2004-09-08,19.8,19.88,19.8,19.88,1300
3783,2004-09-07,19.92,20.151,19.36,19.8,16200
3784,2004-09-03,20.11,20.12,19.91,20.1,2900
3785,2004-09-02,20.15,20.16,20.0611,20.12,2500
3786,2004-09-01,20.4001,20.4,20.07,20.15,2400
3787,2004-08-31,19.94,20.43,19.94,20.19,14500
3788,2004-08-30,19.75,19.989,19.75,19.94,3100
3789,2004-08-27,19.421,19.94,19.421,19.94,10100
3790,2004-08-26,19.63,19.7,19.37,19.63,9700
3791,2004-08-25,19.37,19.6613,19.37,19.6,5600
3792,2004-08-24,19.47,19.65,19.36,19.46,9900
3793,2004-08-23,19.2506,19.25,19.06,19.249,3900
3794,2004-08-20,19.479,19.48,19.15,19.48,2200
3795,2004-08-19,19.04,19.48,19.04,19.48,12400
3796,2004-08-18,19.48,19.57,18.94,19.35,31600
3797,2004-08-17,19.099,19.31,18.83,19.1,11000
3798,2004-08-16,19.01,19.17,19.01,19.1,7400
3799,2004-08-13,19.2,19.5,19.05,19.2,14100
3800,2004-08-12,19.0,19.24,19.0,19.239,2500
3801,2004-08-11,19.19,19.2,19.17,19.17,6400
3802,2004-08-10,19.458,19.48,19.111,19.39,8700
3803,2004-08-09,18.99,19.48,18.9893,19.47,5900
3804,2004-08-06,19.54,19.54,18.88,19.0,5900
3805,2004-08-05,19.69,19.69,19.25,19.69,1900
3806,2004-08-04,19.41,19.75,19.35,19.49,11300
3807,2004-08-03,19.49,19.75,19.44,19.75,9600
3808,2004-08-02,19.63,19.63,19.44,19.47,7900
3809,2004-07-30,19.37,19.37,18.75,19.24,12200
3810,2004-07-29,19.75,19.75,18.65,19.25,9700
3811,2004-07-28,19.75,19.7499,19.07,19.09,5000
3812,2004-07-27,18.72,19.14,18.72,19.09,4300
3813,2004-07-26,17.78,19.01,17.78,18.82,14700
3814,2004-07-23,19.1299,19.14,18.75,18.93,7200
3815,2004-07-22,18.63,19.2391,18.63,18.76,4100
3816,2004-07-21,19.7,19.7,19.08,19.4,7200
3817,2004-07-20,19.42,19.5,19.3798,19.5,11400
3818,2004-07-19,19.19,19.56,19.19,19.5,5100
3819,2004-07-16,19.3921,19.51,19.35,19.41,19400
3820,2004-07-15,19.31,19.4,19.18,19.4,6600
3821,2004-07-14,19.02,19.3104,18.93,19.31,8300
3822,2004-07-13,18.999,19.05,18.8782,19.0,6000
3823,2004-07-12,19.03,19.03,18.62,18.991,8100
3824,2004-07-09,18.84,19.19,18.6,18.89,14400
3825,2004-07-08,19.3,19.3,18.31,18.82,8800
3826,2004-07-07,19.16,19.25,18.93,19.24,13600
3827,2004-07-06,19.14,19.439,19.0,19.16,7400
3828,2004-07-02,19.129,19.15,19.0014,19.0,3700
3829,2004-07-01,19.35,19.36,18.95,19.03,8400
3830,2004-06-30,18.63,19.019,18.41,19.019,4500
3831,2004-06-29,19.16,19.18,18.7489,18.851,8100
3832,2004-06-28,20.57,20.57,19.14,19.14,24300
3833,2004-06-25,18.36,19.26,18.36,19.25,9100
3834,2004-06-24,19.19,19.25,18.35,18.46,13900
3835,2004-06-23,18.3,19.3803,18.3,19.31,12400
3836,2004-06-22,19.45,19.45,18.6,19.25,19800
3837,2004-06-21,18.49,19.39,18.49,19.21,32000
3838,2004-06-18,18.6,18.7504,18.6,18.7,6600
3839,2004-06-17,18.389,18.66,18.389,18.6,11900
3840,2004-06-16,17.6,18.75,17.5995,18.4,17500
3841,2004-06-15,17.9,18.16,17.75,17.96,12500
3842,2004-06-14,18.18,18.6,17.9,18.16,20900
3843,2004-06-10,18.0,18.15,17.82,18.14,14900
3844,2004-06-09,17.93,18.0,17.75,17.81,16900
3845,2004-06-08,17.41,18.0,17.41,17.93,16100
3846,2004-06-07,17.74,17.88,17.58,17.87,12500
3847,2004-06-04,17.97,17.9686,17.67,17.67,2900
3848,2004-06-03,17.99,18.0,17.71,17.72,6400
3849,2004-06-02,17.85,18.0,17.76,17.84,27800
3850,2004-06-01,17.66,18.0,17.6509,17.76,6800
3851,2004-05-28,17.75,17.75,17.72,17.75,6100
3852,2004-05-27,17.6601,18.0,17.66,18.0,11900
3853,2004-05-26,17.95,17.97,17.89,17.89,9500
3854,2004-05-25,17.901,18.0,17.5,17.95,12100
3855,2004-05-24,17.9,18.0,17.9,17.99,4800
3856,2004-05-21,17.8,18.02,17.8,17.97,19900
3857,2004-05-20,17.8099,18.0,17.81,17.99,8400
3858,2004-05-19,18.0,18.0,17.86,17.86,12000
3859,2004-05-18,17.94,17.95,17.41,17.41,8100
3860,2004-05-17,17.46,17.95,17.4587,17.74,10000
3861,2004-05-14,17.39,17.39,17.351,17.351,900
3862,2004-05-13,17.56,17.95,17.26,17.26,9400
3863,2004-05-12,17.5,17.5,17.25,17.25,6100
3864,2004-05-11,17.111,17.49,17.111,17.49,9700
3865,2004-05-10,17.95,18.04,17.1,17.359,10800
3866,2004-05-07,17.58,18.04,17.38,17.98,13500
3867,2004-05-06,18.0,18.0,17.18,17.98,8300
3868,2004-05-05,17.98,18.18,17.79,18.03,13500
3869,2004-05-04,17.33,17.99,17.21,17.97,5000
3870,2004-05-03,17.21,17.879,16.94,17.3,12100
3871,2004-04-30,17.83,17.84,17.11,17.65,5700
3872,2004-04-29,17.788,17.788,17.23,17.23,4200
3873,2004-04-28,17.85,18.11,17.739,17.739,3700
3874,2004-04-27,18.19,18.6,18.19,18.25,5400
3875,2004-04-26,18.149,18.6,18.01,18.266,5100
3876,2004-04-23,17.87,18.05,17.87,17.91,17200
3877,2004-04-22,17.949,18.2,17.94,18.199,4600
3878,2004-04-21,18.1387,18.15,17.86,17.95,6200
3879,2004-04-20,18.2002,18.6,17.7,17.86,19400
3880,2004-04-19,17.55,18.35,17.55,18.19,16500
3881,2004-04-16,17.43,17.5,17.14,17.39,7000
3882,2004-04-15,17.34,17.47,17.34,17.4,25500
3883,2004-04-14,17.41,17.5,17.0997,17.29,11100
3884,2004-04-13,17.9,18.0,17.25,17.5,29800
3885,2004-04-12,18.45,18.45,17.65,18.0,8700
3886,2004-04-08,18.05,18.45,18.05,18.05,10600
3887,2004-04-07,18.12,18.25,18.1,18.1,4400
3888,2004-04-06,17.9,18.12,17.9,18.12,9900
3889,2004-04-05,17.96,18.25,17.95,17.95,9300
3890,2004-04-02,18.5,18.5,17.65,17.94,5700
3891,2004-04-01,17.93,18.25,17.93,18.24,9200
3892,2004-03-31,18.13,18.25,17.9,17.9,5700
3893,2004-03-30,18.15,18.1489,18.1,18.1,6100
3894,2004-03-29,17.48,18.15,17.35,18.15,34300
3895,2004-03-26,18.01,18.03,17.481,17.66,44300
3896,2004-03-25,17.99,18.15,17.5,18.1,29500
3897,2004-03-24,17.331,17.5,17.33,17.5,3100
3898,2004-03-23,17.6,17.66,17.3,17.49,10300
3899,2004-03-22,17.75,17.99,17.75,17.94,18000
3900,2004-03-19,17.79,17.8,17.79,17.8,6100
3901,2004-03-18,17.851,17.851,17.79,17.79,1800
3902,2004-03-17,18.24,18.25,17.621,17.8,3100
3903,2004-03-16,18.0,18.0,17.29,17.49,7000
3904,2004-03-15,17.52,17.6,17.01,17.35,11400
3905,2004-03-12,17.501,18.25,17.5,17.5,4800
3906,2004-03-11,17.65,17.8,17.65,17.65,4100
3907,2004-03-10,18.0,18.0,17.56,17.75,9100
3908,2004-03-09,17.939,17.939,17.86,17.86,2100
3909,2004-03-08,17.61,18.0,17.61,18.0,18800
3910,2004-03-05,17.5,18.04,17.5,17.95,4700
3911,2004-03-04,17.26,17.5,17.25,17.5,16100
3912,2004-03-03,17.2902,17.9,17.25,17.25,14500
3913,2004-03-02,18.01,18.55,17.95,17.96,14400
3914,2004-03-01,17.45,18.251,17.341,18.25,17000
3915,2004-02-27,17.35,17.47,17.25,17.25,2700
3916,2004-02-26,17.32,17.49,17.26,17.31,21800
3917,2004-02-25,17.66,17.73,17.2,17.5,29800
3918,2004-02-24,17.67,17.729,17.3,17.65,6100
3919,2004-02-23,17.95,18.18,17.66,17.66,9700
3920,2004-02-20,18.17,18.17,17.82,17.82,3200
3921,2004-02-19,17.91,17.91,17.86,17.9,6200
3922,2004-02-18,17.95,18.08,17.75,17.9,17100
3923,2004-02-17,17.74,18.09,17.661,17.8,25000
3924,2004-02-13,18.0,18.25,17.81,17.86,19000
3925,2004-02-12,18.12,18.12,17.74,17.74,2500
3926,2004-02-11,18.21,18.21,17.989,17.989,2500
3927,2004-02-10,18.47,18.4701,17.7,17.81,14600
3928,2004-02-09,19.05,19.05,17.81,17.821,6100
3929,2004-02-06,17.9,17.9,17.65,17.65,4600
3930,2004-02-05,18.04,18.04,17.65,17.78,11200
3931,2004-02-04,17.8,18.04,17.8,17.95,7200
3932,2004-02-03,18.0,18.0019,17.971,18.0,3300
3933,2004-02-02,18.25,18.25,17.89,17.9,1800
3934,2004-01-30,18.0,18.09,17.83,18.05,5200
3935,2004-01-29,18.5,18.4997,18.0,18.25,6200
3936,2004-01-28,19.13,19.15,18.53,18.549,6400
3937,2004-01-27,18.751,19.05,18.751,18.86,14600
3938,2004-01-26,18.83,19.129,18.8,19.0,23900
3939,2004-01-23,19.0,19.01,18.91,18.91,1000
3940,2004-01-22,19.21,19.26,19.2,19.26,2300
3941,2004-01-21,19.66,19.8,19.66,19.8,600
3942,2004-01-20,20.09,20.09,19.631,19.631,3600
3943,2004-01-16,19.65,19.75,19.65,19.65,21000
3944,2004-01-15,19.582,19.97,19.58,19.97,400
3945,2004-01-14,20.15,20.15,19.562,20.0,19800
3946,2004-01-13,19.65,20.0,19.65,19.8,48300
3947,2004-01-12,19.74,19.9014,19.7,19.9,5600
3948,2004-01-09,19.95,19.95,19.55,19.769,2200
3949,2004-01-08,19.65,19.65,19.65,19.65,0
3950,2004-01-07,19.9886,19.99,19.65,19.65,3600
3951,2004-01-06,19.4583,19.99,19.459,19.93,11900
3952,2004-01-05,19.03,19.56,19.03,19.3,9700
3953,2004-01-02,19.2,19.409,19.2,19.31,1100
3954,2003-12-31,19.431,19.51,19.13,19.41,4900
3955,2003-12-30,20.04,20.05,19.56,19.7,5300
3956,2003-12-29,19.89,19.95,19.71,19.95,9700
3957,2003-12-26,19.77,19.77,19.72,19.73,4000
3958,2003-12-24,19.74,19.75,19.74,19.75,1800
3959,2003-12-23,19.85,19.88,19.71,19.86,7700
3960,2003-12-22,19.96,19.96,19.8,19.96,3400
3961,2003-12-19,19.58,19.95,19.58,19.85,4400
3962,2003-12-18,19.6,19.9,19.6,19.811,14600
3963,2003-12-17,19.7,20.0,19.7,20.0,12400
3964,2003-12-16,19.738,19.92,19.5,19.92,16600
3965,2003-12-15,19.7882,19.789,19.33,19.74,2900
3966,2003-12-12,19.001,19.77,19.001,19.77,6600
3967,2003-12-11,19.05,19.06,18.92,18.93,3600
3968,2003-12-10,18.55,19.5,18.55,19.35,18800
3969,2003-12-09,17.61,19.49,17.61,19.4,12800
3970,2003-12-08,18.83,19.421,18.68,19.421,34200
3971,2003-12-05,18.739,18.99,18.739,18.9,4300
3972,2003-12-04,18.67,18.74,18.32,18.74,8900
3973,2003-12-03,18.51,18.69,18.2,18.56,20100
3974,2003-12-02,18.46,18.46,18.122,18.23,14000
3975,2003-12-01,18.0,18.4695,17.8,18.47,14600
3976,2003-11-28,17.99,18.0,17.99,18.0,1600
3977,2003-11-26,17.84,17.99,17.84,17.989,12500
3978,2003-11-25,17.7,17.8,17.7,17.75,9100
3979,2003-11-24,17.8,17.7999,17.8,17.8,200
3980,2003-11-21,17.85,17.85,17.65,17.85,3800
3981,2003-11-20,17.85,17.85,17.85,17.85,2200
3982,2003-11-19,17.7,17.85,17.7,17.85,2000
3983,2003-11-18,17.51,17.71,17.51,17.71,8700
3984,2003-11-17,17.7,17.7983,17.7,17.7,6200
3985,2003-11-14,17.84,17.85,17.66,17.85,5200
3986,2003-11-13,17.61,17.8,17.5,17.75,2200
3987,2003-11-12,17.611,17.95,17.52,17.65,4000
3988,2003-11-11,17.75,17.88,17.51,17.51,4400
3989,2003-11-10,17.98,17.98,17.05,17.69,4500
3990,2003-11-07,17.799,17.8601,17.5,17.85,16000
3991,2003-11-06,17.7504,17.99,17.55,17.75,11200
3992,2003-11-05,17.99,17.99,17.5,17.73,12000
3993,2003-11-04,17.55,17.75,17.5,17.5,29800
3994,2003-11-03,17.75,17.75,17.56,17.739,2000
3995,2003-10-31,17.66,17.989,17.649,17.649,6400
3996,2003-10-30,18.0,18.0,17.26,17.271,4200
3997,2003-10-29,17.69,18.15,17.6904,18.15,5000
3998,2003-10-28,17.87,17.87,17.8236,17.824,1600
3999,2003-10-27,18.14,18.14,17.61,17.819,5700
4000,2003-10-24,17.79,17.97,17.79,17.95,3000
4001,2003-10-23,17.79,17.8,17.79,17.8,700
4002,2003-10-22,17.879,17.89,17.6,17.6,1700
4003,2003-10-21,17.651,17.94,17.584,17.593,4800
4004,2003-10-20,17.749,17.889,17.56,17.72,8700
4005,2003-10-17,17.92,17.97,17.68,17.75,10600
4006,2003-10-16,17.75,17.75,17.75,17.75,2300
4007,2003-10-15,17.69,17.75,17.5,17.75,11800
4008,2003-10-14,17.5,17.7,17.499,17.5,8700
4009,2003-10-13,17.52,17.97,17.5,17.5,14200
4010,2003-10-10,17.22,17.54,17.22,17.45,10800
4011,2003-10-09,16.7,17.25,16.7,17.25,10400
4012,2003-10-08,17.39,17.39,16.5,16.93,10100
4013,2003-10-07,16.9,17.02,16.6,17.02,17300
4014,2003-10-06,17.4,17.4,16.39,16.9,59500
4015,2003-10-03,16.811,17.5,16.811,17.49,2100
4016,2003-10-02,16.81,18.01,16.8,17.5,6600
4017,2003-10-01,17.09,17.09,17.09,17.09,100
4018,2003-09-30,17.1,17.1,16.8,16.85,19100
4019,2003-09-29,17.061,17.16,16.99,17.0,3400
4020,2003-09-26,17.5,17.5,17.5,17.5,0
4021,2003-09-25,17.1,17.5007,17.095,17.5,7400
4022,2003-09-24,17.49,17.49,17.07,17.07,6200
4023,2003-09-23,17.26,17.51,17.2498,17.25,4400
4024,2003-09-22,17.26,17.44,17.2,17.2,6400
4025,2003-09-19,17.26,17.51,17.2,17.2,21100
4026,2003-09-18,17.55,17.74,17.32,17.6,10500
4027,2003-09-17,17.6,17.75,17.46,17.75,5300
4028,2003-09-16,17.98,17.98,17.51,17.53,13000
4029,2003-09-15,17.71,17.71,17.51,17.53,2800
4030,2003-09-12,18.08,18.08,17.5,17.74,10600
4031,2003-09-11,17.8,17.97,17.8,17.85,7400
4032,2003-09-10,18.01,18.18,17.74,17.74,6600
4033,2003-09-09,17.8,17.99,17.731,17.75,3400
4034,2003-09-08,18.18,18.18,17.4,17.939,42100
4035,2003-09-05,17.53,18.15,17.41,18.0,13100
4036,2003-09-04,17.739,17.739,17.59,17.59,600
4037,2003-09-03,17.312,18.0,17.3,17.6,8400
4038,2003-09-02,17.5112,17.51,17.43,17.44,3800
4039,2003-08-29,18.33,18.33,17.6,17.6,8100
4040,2003-08-28,17.8,17.83,17.31,17.83,9500
4041,2003-08-27,17.4,18.0,17.33,17.4,3800
4042,2003-08-26,17.511,17.9908,17.3,17.3,4700
4043,2003-08-25,17.6,17.64,17.5,17.64,4100
4044,2003-08-22,17.53,17.6,17.25,17.6,6000
4045,2003-08-21,18.0,18.0,17.4,17.531,18300
4046,2003-08-20,17.99,18.2,17.66,18.0,8500
4047,2003-08-19,17.99,18.0,17.59,17.59,1900
4048,2003-08-18,17.599,18.002,17.51,17.51,8500
4049,2003-08-15,17.6,17.6,17.6,17.6,300
4050,2003-08-14,17.86,18.0,17.679,17.7,4100
4051,2003-08-13,17.561,17.859,17.561,17.75,1900
4052,2003-08-12,17.99,18.1,17.4293,17.66,10700
4053,2003-08-11,17.16,17.79,17.16,17.68,3800
4054,2003-08-08,17.59,17.6,17.31,17.55,7400
4055,2003-08-07,17.3,17.6,17.3,17.6,3000
4056,2003-08-06,17.51,17.99,17.311,17.311,3300
4057,2003-08-05,17.83,17.99,17.3,17.99,2200
4058,2003-08-04,18.4,18.4,17.5,18.02,4200
4059,2003-08-01,18.0,18.0,17.5,17.94,2300
4060,2003-07-31,18.1,18.24,17.8,18.0,7900
4061,2003-07-30,17.85,18.39,17.85,18.09,9800
4062,2003-07-29,17.9,17.9,17.8,17.85,4300
4063,2003-07-28,17.9,18.1,17.8,17.8,7300
4064,2003-07-25,17.705,17.905,17.58,17.65,6200
4065,2003-07-24,18.2,18.2,17.59,17.64,14100
4066,2003-07-23,18.2,18.2,17.55,18.05,21000
4067,2003-07-22,18.01,18.0095,17.69,17.75,20000
4068,2003-07-21,17.75,17.75,17.62,17.7,10700
4069,2003-07-18,17.99,17.99,17.39,17.42,12600
4070,2003-07-17,17.05,17.89,17.05,17.3,34500
4071,2003-07-16,17.279,17.399,16.7,16.95,10900
4072,2003-07-15,17.5,17.55,17.05,17.05,29000
4073,2003-07-14,17.341,17.5,17.341,17.4,4400
4074,2003-07-11,17.27,17.4189,17.25,17.3,8300
4075,2003-07-10,17.5,17.5,17.28,17.34,4600
4076,2003-07-09,17.26,17.46,17.26,17.4,18400
4077,2003-07-08,17.4,17.43,17.23,17.23,17600
4078,2003-07-07,17.5,17.69,17.26,17.69,34400
4079,2003-07-03,17.41,17.41,17.41,17.41,0
4080,2003-07-02,17.26,17.5,17.2595,17.41,7300
4081,2003-07-01,17.375,17.375,17.2602,17.28,4500
4082,2003-06-30,17.52,17.9,17.26,17.569,6400
4083,2003-06-27,17.95,17.95,17.528,17.528,1900
4084,2003-06-26,18.089,18.089,18.0,18.0,900
4085,2003-06-25,18.15,18.25,18.1487,18.2,5000
4086,2003-06-24,18.101,18.4786,18.0,18.06,10000
4087,2003-06-23,17.9884,18.18,17.95,18.18,6400
4088,2003-06-20,17.55,17.989,17.55,17.951,2300
4089,2003-06-19,17.919,17.99,17.5724,17.62,1800
4090,2003-06-18,18.65,18.65,17.25,18.041,7000
4091,2003-06-17,17.5187,17.52,17.15,17.35,13700
4092,2003-06-16,17.25,17.77,17.25,17.55,7200
4093,2003-06-13,17.85,17.85,16.52,17.36,41100
4094,2003-06-12,18.25,18.55,17.5,17.77,37400
4095,2003-06-11,19.101,19.2282,18.0,18.1,51000
4096,2003-06-10,18.8785,19.49,18.41,19.0,11000
4097,2003-06-09,19.01,19.01,18.77,18.88,4000
4098,2003-06-06,18.25,19.539,18.2,18.99,11800
4099,2003-06-05,18.04,18.2483,17.54,18.02,15300
4100,2003-06-04,17.99,18.25,17.99,18.04,12500
4101,2003-06-03,18.13,18.13,17.75,17.99,6400
4102,2003-06-02,18.13,18.16,17.75,18.129,11800
4103,2003-05-30,18.0,18.249,18.0,18.0,18300
4104,2003-05-29,17.36,18.0,17.36,17.76,20000
4105,2003-05-28,17.49,17.74,17.3,17.559,9300
4106,2003-05-27,17.3,17.839,17.3,17.5,30200
4107,2003-05-23,17.04,17.49,17.04,17.301,12900
4108,2003-05-22,17.05,17.5,17.04,17.15,17500
4109,2003-05-21,16.5996,17.05,16.55,16.85,14500
4110,2003-05-20,16.44,16.879,16.44,16.76,16800
4111,2003-05-19,16.4,16.74,16.34,16.51,27200
4112,2003-05-16,16.2,16.45,16.0,16.44,10000
4113,2003-05-15,16.49,16.59,16.39,16.41,13400
4114,2003-05-14,16.24,16.5,16.2,16.4,32300
4115,2003-05-13,16.1,16.2,16.0,16.1,2700
4116,2003-05-12,15.63,16.3,15.63,16.23,5800
4117,2003-05-09,16.22,16.22,16.05,16.05,7400
4118,2003-05-08,16.95,16.95,15.5099,16.03,11500
4119,2003-05-07,15.75,15.98,15.75,15.9,9200
4120,2003-05-06,15.53,16.5,15.52,15.95,10100
4121,2003-05-05,16.6,16.6,15.65,15.68,1700
4122,2003-05-02,15.85,16.41,15.51,16.4,32700
4123,2003-05-01,15.7,16.162,15.63,16.018,12800
4124,2003-04-30,15.5,15.5196,14.8,15.52,5200
4125,2003-04-29,15.11,15.5,15.11,15.4,9500
4126,2003-04-28,16.72,16.72,15.24,15.35,11500
4127,2003-04-25,15.02,15.25,14.91,15.25,1900
4128,2003-04-24,15.1895,16.24,15.04,15.04,8000
4129,2003-04-23,15.45,15.55,14.675,15.19,47400
4130,2003-04-22,15.8,15.8,15.5,15.55,16700
4131,2003-04-21,15.44,16.24,15.3,15.6,75400
4132,2003-04-17,15.24,15.33,15.13,15.25,51700
4133,2003-04-16,15.2,15.4,14.51,15.02,17700
4134,2003-04-15,15.2,15.2,15.19,15.2,5700
4135,2003-04-14,15.0,15.2,14.95,15.09,14400
4136,2003-04-11,15.0,15.0,14.72,14.99,14400
4137,2003-04-10,14.75,15.0,14.67,15.0,22100
4138,2003-04-09,14.4,14.71,14.4,14.71,6400
4139,2003-04-08,14.4,14.43,14.4,14.4,700
4140,2003-04-07,14.3,14.75,14.3,14.7,2600
4141,2003-04-04,14.3,14.6,14.3,14.6,200
4142,2003-04-03,14.3,14.65,14.3,14.3,4200
4143,2003-04-02,14.3,14.3,14.3,14.3,100
4144,2003-04-01,14.39,14.9,14.25,14.3,4900
4145,2003-03-31,13.8,14.35,13.8,14.35,2600
4146,2003-03-28,13.9,14.08,13.9,14.0,7000
4147,2003-03-27,13.9,14.12,13.7,13.9,4000
4148,2003-03-26,14.29,14.35,13.9,13.9,11700
4149,2003-03-25,14.35,14.35,14.35,14.35,2100
4150,2003-03-24,14.11,14.14,14.11,14.14,600
4151,2003-03-21,14.11,14.6,14.11,14.23,4600
4152,2003-03-20,14.5,14.5,14.25,14.25,1900
4153,2003-03-19,14.17,14.5,14.17,14.5,5100
4154,2003-03-18,14.4008,14.44,14.03,14.44,16100
4155,2003-03-17,14.5,14.5,14.1,14.41,3600
4156,2003-03-14,14.5,14.53,14.3,14.42,3900
4157,2003-03-13,14.95,14.95,14.5,14.5,1500
4158,2003-03-12,14.65,14.75,14.64,14.65,3000
4159,2003-03-11,14.9,15.0,14.65,14.99,7700
4160,2003-03-10,14.6,15.0,14.6,14.9,5200
4161,2003-03-07,14.7012,14.97,14.5,14.8,7000
4162,2003-03-06,14.81,14.816,14.75,14.8,5000
4163,2003-03-05,14.6,14.98,14.5,14.96,36700
4164,2003-03-04,14.87,14.87,14.51,14.61,14500
4165,2003-03-03,14.77,15.17,14.52,14.52,12700
4166,2003-02-28,14.91,14.91,14.67,14.7,26600
4167,2003-02-27,15.05,15.25,14.71,14.96,17600
4168,2003-02-26,14.7,15.1,14.1,15.0,31700
4169,2003-02-25,14.74,15.47,14.6,14.61,67200
4170,2003-02-24,14.49,14.95,14.39,14.79,24500
4171,2003-02-21,14.3,14.5102,14.05,14.32,29600
4172,2003-02-20,13.5,14.2495,13.5,14.1,36800
4173,2003-02-19,14.01,14.021,13.32,13.67,10900
4174,2003-02-18,14.0,14.22,13.7904,13.85,9000
4175,2003-02-14,14.23,14.7394,13.76,14.23,23500
4176,2003-02-13,13.69,14.33,13.619,14.33,23100
4177,2003-02-12,13.72,13.76,13.4,13.75,49300
4178,2003-02-11,13.7,13.8,13.699,13.72,24000
4179,2003-02-10,13.6,13.92,13.59,13.621,29300
4180,2003-02-07,13.0,13.5,13.0,13.43,9700
4181,2003-02-06,14.15,14.25,12.55,13.0,41200
4182,2003-02-05,14.9,14.9,14.25,14.3,10600
4183,2003-02-04,16.0,16.0,15.1,15.1,3200
4184,2003-02-03,17.0,17.0,16.0,16.0,3200
